0 0.656250 0.089844 0.062500 0.046875
0 0.197266 0.591797 0.050781 0.050781
0 0.244141 0.939453 0.042969 0.035156
0 0.953125 0.517578 0.031250 0.042969
0 0.703125 0.468750 0.031250 0.031250
1 0.982422 0.031250 0.035156 0.031250
0 0.923828 0.058594 0.035156 0.031250
1 0.406250 0.585938 0.031250 0.031250
0 0.515625 0.367188 0.031250 0.031250
0 0.109375 0.480469 0.031250 0.031250
1 0.814453 0.515625 0.027344 0.031250
0 0.687500 0.486328 0.031250 0.027344
0 0.087891 0.369141 0.019531 0.035156
0 0.720703 0.492188 0.027344 0.023438
0 0.468750 0.816406 0.031250 0.023438
1 0.656250 0.367188 0.031250 0.023438
0 0.921875 0.095703 0.031250 0.027344
0 0.703125 0.500000 0.031250 0.015625
0 0.773438 0.529297 0.023438 0.027344
0 0.376953 0.638672 0.027344 0.019531
0 0.587891 0.376953 0.019531 0.019531
0 0.085938 0.892578 0.015625 0.027344
1 0.837891 0.562500 0.019531 0.015625
0 0.423828 0.660156 0.019531 0.015625
0 0.949219 0.128906 0.000000 0.000000
0 0.943359 0.193359 0.105469 0.152344
0 0.792969 0.472656 0.000000 0.000000
0 0.802734 0.457031 0.066406 0.046875
0 0.457031 0.625000 0.000000 0.000000
0 0.472656 0.636719 0.062500 0.062500
0 0.449219 0.699219 0.000000 0.000000
0 0.611328 0.570312 0.035156 0.039062
0 0.613281 0.734375 0.000000 0.000000
0 0.611328 0.736328 0.042969 0.042969
0 0.195312 0.953125 0.000000 0.000000
0 0.185547 0.947266 0.042969 0.058594
1 0.716797 0.642578 0.324219 0.222656
1 0.511719 0.443359 0.210938 0.144531
0 0.414062 0.082031 0.210938 0.093750
0 0.367188 0.171875 0.000000 0.000000
0 0.382812 0.203125 0.296875 0.132812
1 0.152344 0.457031 0.000000 0.000000
0 0.177734 0.468750 0.082031 0.062500
1 0.234375 0.492188 0.312500 0.093750
1 0.845703 0.808594 0.214844 0.164062
0 0.527344 0.796875 0.000000 0.000000
0 0.531250 0.841797 0.093750 0.097656
