0 0.423828 0.710938 0.074219 0.070312
0 0.310547 0.330078 0.066406 0.066406
0 0.433594 0.529297 0.054688 0.058594
0 0.251953 0.306641 0.050781 0.058594
0 0.023438 0.867188 0.046875 0.062500
0 0.742188 0.681641 0.054688 0.042969
0 0.853516 0.574219 0.042969 0.046875
0 0.031250 0.109375 0.046875 0.046875
0 0.691406 0.511719 0.046875 0.039062
0 0.449219 0.453125 0.039062 0.046875
0 0.697266 0.585938 0.050781 0.031250
0 0.500000 0.515625 0.039062 0.039062
0 0.712891 0.955078 0.042969 0.035156
0 0.390625 0.470703 0.031250 0.035156
0 0.357422 0.500000 0.035156 0.031250
1 0.697266 0.015625 0.042969 0.031250
0 0.328125 0.439453 0.031250 0.042969
0 0.296875 0.808594 0.031250 0.039062
1 0.437500 0.574219 0.031250 0.031250
0 0.343750 0.185547 0.031250 0.027344
0 0.810547 0.687500 0.027344 0.031250
0 0.484375 0.638672 0.031250 0.027344
0 0.259766 0.812500 0.027344 0.031250
0 0.951172 0.531250 0.027344 0.031250
0 0.314453 0.732422 0.035156 0.019531
0 0.109375 0.513672 0.031250 0.027344
0 0.869141 0.667969 0.027344 0.023438
1 0.705078 0.091797 0.027344 0.027344
0 0.527344 0.251953 0.023438 0.027344
0 0.763672 0.501953 0.027344 0.027344
0 0.888672 0.503906 0.027344 0.023438
0 0.455078 0.623047 0.027344 0.027344
0 0.357422 0.470703 0.027344 0.019531
1 0.347656 0.369141 0.023438 0.019531
0 0.431641 0.464844 0.019531 0.023438
0 0.712891 0.589844 0.019531 0.023438
0 0.970703 0.660156 0.019531 0.023438
1 0.419922 0.986328 0.027344 0.019531
0 0.408203 0.298828 0.027344 0.019531
1 0.435547 0.119141 0.027344 0.019531
1 0.390625 0.306641 0.015625 0.019531
1 0.517578 0.591797 0.019531 0.019531
1 0.248047 0.197266 0.019531 0.019531
0 0.775391 0.591797 0.019531 0.019531
0 0.316406 0.664062 0.070312 0.062500
0 0.328125 0.777344 0.000000 0.000000
0 0.324219 0.787109 0.031250 0.035156
0 0.361328 0.789062 0.035156 0.046875
0 0.062500 0.894531 0.000000 0.000000
0 0.068359 0.898438 0.027344 0.039062
0 0.572266 0.378906 0.066406 0.054688
0 0.595703 0.312500 0.066406 0.039062
0 0.566406 0.460938 0.000000 0.000000
0 0.591797 0.451172 0.082031 0.042969
0 0.789062 0.390625 0.000000 0.000000
0 0.781250 0.390625 0.062500 0.046875
0 0.828125 0.625000 0.000000 0.000000
0 0.818359 0.632812 0.035156 0.039062
0 0.765625 0.535156 0.000000 0.000000
0 0.773438 0.535156 0.039062 0.031250
0 0.515625 0.378906 0.046875 0.039062
0 0.476562 0.351562 0.000000 0.000000
0 0.464844 0.343750 0.039062 0.031250
0 0.093750 0.234375 0.000000 0.000000
0 0.099609 0.238281 0.050781 0.046875
0 0.195312 0.164062 0.000000 0.000000
0 0.185547 0.181641 0.089844 0.089844
0 0.832031 0.113281 0.000000 0.000000
0 0.818359 0.083984 0.121094 0.089844
0 0.753906 0.132812 0.000000 0.000000
0 0.730469 0.195312 0.000000 0.000000
0 0.734375 0.191406 0.039062 0.039062
0 0.777344 0.332031 0.000000 0.000000
0 0.845703 0.265625 0.042969 0.039062
0 0.880859 0.388672 0.050781 0.042969
1 0.470703 0.742188 0.074219 0.085938
0 0.156250 0.527344 0.000000 0.000000
0 0.152344 0.511719 0.000000 0.000000
0 0.160156 0.525391 0.023438 0.027344
0 0.169922 0.550781 0.050781 0.046875
0 0.273438 0.125000 0.000000 0.000000
1 0.308594 0.121094 0.000000 0.000000
1 0.328125 0.101562 0.148438 0.078125
1 0.261719 0.152344 0.000000 0.000000
0 0.699219 0.847656 0.000000 0.000000
0 0.671875 0.841797 0.054688 0.050781
0 0.593750 0.960938 0.000000 0.000000
0 0.587891 0.949219 0.042969 0.046875
