1 0.324219 0.748047 0.109375 0.097656
1 0.199219 0.869141 0.101562 0.105469
1 0.451172 0.804688 0.089844 0.093750
1 0.085938 0.605469 0.078125 0.101562
1 0.574219 0.953125 0.085938 0.046875
0 0.472656 0.421875 0.046875 0.062500
1 0.964844 0.222656 0.054688 0.046875
0 0.593750 0.654297 0.062500 0.035156
1 0.546875 0.775391 0.031250 0.066406
1 0.062500 0.697266 0.062500 0.035156
0 0.625000 0.892578 0.046875 0.042969
1 0.683594 0.531250 0.054688 0.031250
1 0.656250 0.744141 0.046875 0.035156
0 0.982422 0.183594 0.035156 0.046875
0 0.343750 0.982422 0.046875 0.035156
1 0.970703 0.263672 0.035156 0.035156
1 0.107422 0.574219 0.035156 0.039062
0 0.837891 0.837891 0.042969 0.035156
0 0.732422 0.466797 0.035156 0.042969
0 0.058594 0.529297 0.054688 0.027344
1 0.046875 0.617188 0.031250 0.046875
1 0.408203 0.783203 0.035156 0.035156
0 0.904297 0.359375 0.035156 0.031250
0 0.947266 0.359375 0.042969 0.031250
0 0.984375 0.484375 0.031250 0.031250
0 0.359375 0.796875 0.031250 0.031250
0 0.546875 0.843750 0.031250 0.031250
1 0.984375 0.384766 0.031250 0.027344
0 0.501953 0.703125 0.027344 0.031250
1 0.201172 0.828125 0.027344 0.031250
1 0.421875 0.986328 0.031250 0.027344
0 0.509766 0.923828 0.027344 0.027344
0 0.578125 0.697266 0.031250 0.019531
0 0.761719 0.449219 0.023438 0.023438
1 0.546875 0.992188 0.031250 0.015625
1 0.484375 0.750000 0.031250 0.015625
0 0.986328 0.574219 0.019531 0.023438
0 0.560547 0.712891 0.027344 0.019531
1 0.367188 0.689453 0.023438 0.019531
0 0.992188 0.419922 0.015625 0.027344
0 0.878906 0.597656 0.000000 0.000000
0 0.875000 0.587891 0.101562 0.121094
0 0.394531 0.718750 0.000000 0.000000
0 0.740234 0.761719 0.066406 0.070312
0 0.847656 0.871094 0.000000 0.000000
0 0.691406 0.984375 0.000000 0.000000
0 0.771484 0.960938 0.097656 0.070312
0 0.695312 0.976562 0.039062 0.023438
0 0.546875 0.628906 0.000000 0.000000
0 0.554688 0.625000 0.039062 0.039062
1 0.523438 0.521484 0.109375 0.113281
1 0.232422 0.626953 0.121094 0.175781
1 0.634766 0.589844 0.097656 0.070312
1 0.925781 0.455078 0.078125 0.121094
1 0.744141 0.285156 0.207031 0.257812
