0 0.371094 0.703125 0.085938 0.109375
0 0.496094 0.939453 0.085938 0.089844
0 0.072266 0.359375 0.066406 0.062500
0 0.908203 0.236328 0.050781 0.050781
0 0.103516 0.687500 0.050781 0.046875
0 0.492188 0.847656 0.046875 0.046875
0 0.701172 0.496094 0.035156 0.046875
0 0.076172 0.814453 0.035156 0.035156
0 0.855469 0.964844 0.039062 0.039062
0 0.638672 0.556641 0.035156 0.042969
0 0.984375 0.056641 0.031250 0.042969
0 0.015625 0.701172 0.031250 0.042969
0 0.791016 0.890625 0.035156 0.031250
0 0.804688 0.806641 0.031250 0.027344
0 0.091797 0.460938 0.035156 0.023438
0 0.029297 0.941406 0.035156 0.023438
0 0.513672 0.669922 0.035156 0.027344
0 0.294922 0.654297 0.027344 0.027344
0 0.373047 0.580078 0.027344 0.027344
0 0.603516 0.742188 0.027344 0.023438
0 0.304688 0.636719 0.023438 0.023438
0 0.044922 0.669922 0.027344 0.027344
0 0.597656 0.652344 0.031250 0.015625
1 0.105469 0.150391 0.023438 0.019531
0 0.609375 0.857422 0.015625 0.019531
1 0.830078 0.742188 0.019531 0.015625
0 0.451172 0.845703 0.027344 0.011719
1 0.796875 0.703125 0.000000 0.000000
0 0.771484 0.626953 0.191406 0.175781
0 0.757812 0.781250 0.000000 0.000000
0 0.763672 0.777344 0.058594 0.054688
0 0.980469 0.785156 0.000000 0.000000
0 0.978516 0.783203 0.035156 0.035156
0 0.906250 0.714844 0.000000 0.000000
0 0.904297 0.744141 0.097656 0.105469
0 0.902344 0.640625 0.000000 0.000000
0 0.894531 0.644531 0.039062 0.046875
0 0.890625 0.542969 0.000000 0.000000
0 0.886719 0.535156 0.039062 0.039062
0 0.812500 0.324219 0.000000 0.000000
0 0.822266 0.318359 0.066406 0.058594
0 0.886719 0.273438 0.000000 0.000000
1 0.875000 0.281250 0.000000 0.000000
1 0.861328 0.275391 0.089844 0.066406
1 0.632812 0.201172 0.117188 0.089844
1 0.113281 0.207031 0.109375 0.078125
1 0.103516 0.556641 0.082031 0.066406
1 0.191406 0.906250 0.000000 0.000000
1 0.158203 0.910156 0.230469 0.117188
1 0.734375 0.316406 0.000000 0.000000
0 0.718750 0.320312 0.101562 0.085938
1 0.548828 0.076172 0.128906 0.152344
1 0.353516 0.070312 0.246094 0.140625
1 0.195312 0.126953 0.140625 0.082031
1 0.761719 0.078125 0.203125 0.156250
1 0.957031 0.132812 0.000000 0.000000
0 0.953125 0.121094 0.054688 0.046875
0 0.980469 0.388672 0.031250 0.042969
0 0.919922 0.359375 0.042969 0.039062
0 0.300781 0.570312 0.000000 0.000000
0 0.324219 0.445312 0.000000 0.000000
0 0.306641 0.437500 0.042969 0.039062
0 0.390625 0.488281 0.000000 0.000000
0 0.388672 0.486328 0.050781 0.042969
0 0.519531 0.875000 0.000000 0.000000
0 0.509766 0.884766 0.042969 0.027344
0 0.582031 0.882812 0.039062 0.031250
0 0.746094 0.910156 0.000000 0.000000
0 0.744141 0.908203 0.027344 0.019531
0 0.875000 0.917969 0.000000 0.000000
0 0.869141 0.912109 0.027344 0.027344
0 0.871094 0.835938 0.000000 0.000000
1 0.890625 0.851562 0.125000 0.101562
1 0.050781 0.039062 0.101562 0.078125
1 0.113281 0.019531 0.000000 0.000000
1 0.166016 0.027344 0.128906 0.054688
1 0.449219 0.234375 0.000000 0.000000
