1 0.464844 0.669922 0.078125 0.097656
0 0.658203 0.312500 0.074219 0.078125
1 0.687500 0.937500 0.078125 0.062500
1 0.933594 0.376953 0.062500 0.066406
1 0.353516 0.654297 0.050781 0.082031
1 0.658203 0.371094 0.074219 0.054688
1 0.386719 0.480469 0.062500 0.062500
1 0.718750 0.642578 0.062500 0.058594
1 0.781250 0.558594 0.062500 0.046875
1 0.294922 0.492188 0.050781 0.054688
0 0.347656 0.439453 0.062500 0.042969
1 0.683594 0.857422 0.062500 0.042969
1 0.857422 0.595703 0.035156 0.066406
1 0.093750 0.498047 0.062500 0.027344
1 0.234375 0.470703 0.046875 0.035156
1 0.390625 0.656250 0.046875 0.031250
1 0.232422 0.576172 0.035156 0.035156
0 0.486328 0.722656 0.042969 0.031250
1 0.982422 0.544922 0.035156 0.035156
0 0.453125 0.578125 0.031250 0.031250
1 0.189453 0.589844 0.035156 0.031250
1 0.384766 0.585938 0.027344 0.039062
0 0.591797 0.402344 0.027344 0.031250
0 0.765625 0.310547 0.031250 0.027344
0 0.765625 0.607422 0.031250 0.027344
1 0.703125 0.822266 0.031250 0.027344
0 0.955078 0.529297 0.027344 0.027344
0 0.433594 0.554688 0.023438 0.023438
0 0.277344 0.527344 0.023438 0.023438
1 0.091797 0.779297 0.027344 0.027344
0 0.642578 0.898438 0.027344 0.023438
0 0.908203 0.542969 0.019531 0.023438
0 0.404297 0.435547 0.027344 0.019531
1 0.322266 0.591797 0.019531 0.027344
1 0.107422 0.562500 0.019531 0.015625
1 0.968750 0.574219 0.015625 0.015625
1 0.906250 0.324219 0.015625 0.015625
0 0.968750 0.316406 0.015625 0.015625
0 0.519531 0.406250 0.000000 0.000000
0 0.517578 0.349609 0.089844 0.082031
0 0.417969 0.861328 0.039062 0.050781
0 0.087891 0.863281 0.050781 0.031250
0 0.050781 0.554688 0.000000 0.000000
0 0.033203 0.513672 0.058594 0.042969
0 0.046875 0.552734 0.031250 0.027344
0 0.019531 0.632812 0.000000 0.000000
1 0.033203 0.601562 0.042969 0.046875
1 0.113281 0.679688 0.000000 0.000000
0 0.119141 0.667969 0.058594 0.054688
1 0.136719 0.603516 0.046875 0.035156
1 0.550781 0.695312 0.000000 0.000000
0 0.544922 0.703125 0.035156 0.046875
0 0.794922 0.433594 0.082031 0.062500
0 0.578125 0.494141 0.039062 0.035156
0 0.523438 0.525391 0.031250 0.027344
1 0.980469 0.429688 0.000000 0.000000
1 0.962891 0.417969 0.066406 0.085938
0 0.914062 0.470703 0.070312 0.050781
0 0.882812 0.667969 0.000000 0.000000
1 0.943359 0.611328 0.105469 0.097656
