0 0.531250 0.578125 0.125000 0.078125
0 0.277344 0.042969 0.101562 0.085938
0 0.154297 0.439453 0.074219 0.058594
0 0.451172 0.214844 0.074219 0.054688
0 0.607422 0.449219 0.089844 0.039062
0 0.746094 0.705078 0.054688 0.058594
0 0.441406 0.308594 0.078125 0.039062
0 0.638672 0.654297 0.050781 0.050781
0 0.251953 0.392578 0.058594 0.042969
0 0.250000 0.822266 0.062500 0.027344
1 0.205078 0.111328 0.042969 0.035156
0 0.429688 0.421875 0.046875 0.031250
0 0.498047 0.326172 0.035156 0.035156
1 0.824219 0.681641 0.039062 0.035156
0 0.466797 0.222656 0.042969 0.031250
1 0.523438 0.423828 0.031250 0.035156
0 0.179688 0.699219 0.039062 0.031250
0 0.703125 0.919922 0.046875 0.027344
0 0.140625 0.187500 0.031250 0.031250
0 0.933594 0.656250 0.031250 0.031250
0 0.335938 0.103516 0.039062 0.027344
1 0.390625 0.201172 0.031250 0.027344
1 0.714844 0.939453 0.039062 0.019531
0 0.548828 0.244141 0.027344 0.027344
0 0.072266 0.416016 0.035156 0.019531
1 0.072266 0.326172 0.027344 0.027344
0 0.548828 0.439453 0.027344 0.027344
1 0.244141 0.095703 0.027344 0.027344
1 0.228516 0.992188 0.035156 0.015625
1 0.273438 0.560547 0.023438 0.027344
0 0.310547 0.417969 0.027344 0.023438
1 0.027344 0.111328 0.023438 0.027344
1 0.005859 0.451172 0.011719 0.035156
0 0.107422 0.642578 0.027344 0.019531
1 0.595703 0.634766 0.027344 0.019531
1 0.339844 0.046875 0.023438 0.015625
1 0.357422 0.062500 0.027344 0.015625
1 0.703125 0.992188 0.031250 0.015625
0 0.158203 0.453125 0.027344 0.015625
1 0.419922 0.027344 0.027344 0.015625
0 0.919922 0.492188 0.027344 0.015625
1 0.203125 0.867188 0.015625 0.015625
1 0.656250 0.660156 0.015625 0.015625
0 0.621094 0.437500 0.015625 0.015625
0 0.335938 0.437500 0.015625 0.015625
1 0.554688 0.390625 0.015625 0.015625
0 0.039062 0.521484 0.046875 0.058594
0 0.824219 0.945312 0.000000 0.000000
0 0.833984 0.955078 0.027344 0.019531
0 0.878906 0.914062 0.000000 0.000000
0 0.847656 0.886719 0.023438 0.023438
0 0.925781 0.923828 0.023438 0.019531
0 0.953125 0.820312 0.000000 0.000000
0 0.984375 0.757812 0.000000 0.000000
1 0.921875 0.796875 0.054688 0.031250
0 0.937500 0.769531 0.117188 0.125000
1 0.802734 0.566406 0.042969 0.023438
1 0.775391 0.546875 0.035156 0.039062
1 0.970703 0.531250 0.035156 0.039062
1 0.785156 0.425781 0.000000 0.000000
1 0.777344 0.431641 0.031250 0.019531
1 0.835938 0.035156 0.000000 0.000000
1 0.880859 0.037109 0.042969 0.042969
1 0.720703 0.166016 0.066406 0.082031
1 0.578125 0.304688 0.000000 0.000000
1 0.580078 0.294922 0.066406 0.058594
0 0.171875 0.943359 0.093750 0.074219
0 0.353516 0.589844 0.042969 0.046875
1 0.458984 0.457031 0.058594 0.046875
1 0.044922 0.828125 0.066406 0.046875
1 0.375000 0.910156 0.031250 0.023438
1 0.324219 0.878906 0.023438 0.015625
1 0.404297 0.818359 0.042969 0.027344
1 0.345703 0.800781 0.027344 0.023438
1 0.636719 0.947266 0.039062 0.019531
1 0.572266 0.957031 0.042969 0.031250
1 0.791016 0.267578 0.027344 0.019531
1 0.197266 0.283203 0.042969 0.035156
1 0.117188 0.355469 0.000000 0.000000
0 0.105469 0.341797 0.054688 0.058594
