0 0.812500 0.699219 0.062500 0.070312
0 0.933594 0.404297 0.070312 0.058594
0 0.933594 0.888672 0.046875 0.042969
0 0.859375 0.587891 0.031250 0.050781
0 0.830078 0.560547 0.035156 0.042969
1 0.785156 0.748047 0.046875 0.027344
1 0.947266 0.156250 0.035156 0.031250
0 0.732422 0.357422 0.035156 0.035156
0 0.515625 0.109375 0.031250 0.031250
0 0.796875 0.406250 0.031250 0.031250
0 0.859375 0.390625 0.031250 0.031250
0 0.669922 0.566406 0.027344 0.031250
0 0.847656 0.212891 0.031250 0.027344
0 0.669922 0.605469 0.027344 0.031250
0 0.703125 0.078125 0.031250 0.031250
0 0.781250 0.509766 0.031250 0.027344
1 0.794922 0.591797 0.027344 0.027344
1 0.689453 0.185547 0.027344 0.027344
1 0.859375 0.125000 0.031250 0.031250
1 0.589844 0.107422 0.023438 0.027344
1 0.701172 0.496094 0.027344 0.023438
0 0.806641 0.314453 0.027344 0.027344
0 0.482422 0.160156 0.027344 0.023438
0 0.917969 0.105469 0.023438 0.023438
0 0.791016 0.482422 0.027344 0.019531
0 0.697266 0.419922 0.019531 0.027344
1 0.875000 0.433594 0.031250 0.015625
0 0.986328 0.142578 0.019531 0.027344
0 0.902344 0.593750 0.023438 0.015625
0 0.607422 0.015625 0.027344 0.015625
0 0.689453 0.054688 0.019531 0.023438
1 0.566406 0.072266 0.023438 0.019531
1 0.904297 0.187500 0.019531 0.015625
0 0.673828 0.611328 0.019531 0.019531
0 0.904297 0.400391 0.019531 0.019531
1 0.701172 0.017578 0.019531 0.019531
0 0.843750 0.218750 0.015625 0.015625
0 0.611328 0.546875 0.027344 0.015625
1 0.666016 0.156250 0.019531 0.015625
0 0.705078 0.453125 0.019531 0.015625
1 0.730469 0.218750 0.015625 0.015625
0 0.728516 0.658203 0.019531 0.011719
0 0.515625 0.208984 0.054688 0.058594
0 0.912109 0.220703 0.035156 0.027344
0 0.843750 0.265625 0.000000 0.000000
0 0.900391 0.271484 0.027344 0.019531
0 0.638672 0.457031 0.035156 0.039062
0 0.535156 0.484375 0.000000 0.000000
0 0.535156 0.468750 0.031250 0.031250
0 0.980469 0.695312 0.000000 0.000000
0 0.953125 0.769531 0.000000 0.000000
0 0.964844 0.738281 0.000000 0.000000
0 0.962891 0.748047 0.035156 0.027344
0 0.960938 0.759766 0.070312 0.097656
0 0.781250 0.636719 0.000000 0.000000
0 0.773438 0.636719 0.031250 0.023438
1 0.601562 0.240234 0.031250 0.027344
0 0.488281 0.046875 0.039062 0.031250
0 0.953125 0.621094 0.000000 0.000000
0 0.947266 0.613281 0.035156 0.039062
