0 0.875000 0.529297 0.187500 0.222656
1 0.511719 0.398438 0.148438 0.085938
0 0.562500 0.078125 0.140625 0.093750
0 0.046875 0.191406 0.093750 0.093750
0 0.658203 0.423828 0.074219 0.082031
0 0.056641 0.679688 0.074219 0.078125
1 0.804688 0.375000 0.078125 0.078125
0 0.701172 0.968750 0.097656 0.062500
1 0.671875 0.019531 0.125000 0.039062
0 0.248047 0.062500 0.082031 0.062500
0 0.330078 0.437500 0.082031 0.062500
0 0.566406 0.441406 0.109375 0.046875
0 0.751953 0.125000 0.074219 0.062500
0 0.773438 0.056641 0.078125 0.058594
0 0.134766 0.041016 0.089844 0.050781
0 0.562500 0.966797 0.062500 0.066406
0 0.154297 0.103516 0.074219 0.050781
0 0.968750 0.314453 0.062500 0.058594
0 0.017578 0.044922 0.035156 0.082031
0 0.941406 0.464844 0.046875 0.054688
0 0.984375 0.449219 0.031250 0.078125
0 0.462891 0.027344 0.050781 0.046875
1 0.964844 0.986328 0.070312 0.027344
1 0.980469 0.966797 0.039062 0.035156
0 0.513672 0.017578 0.035156 0.035156
0 0.511719 0.076172 0.039062 0.035156
0 0.984375 0.103516 0.031250 0.042969
0 0.171875 0.585938 0.046875 0.031250
0 0.150391 0.031250 0.035156 0.031250
0 0.421875 0.439453 0.031250 0.035156
0 0.953125 0.107422 0.031250 0.035156
1 0.277344 0.404297 0.039062 0.027344
0 0.929688 0.609375 0.031250 0.031250
0 0.828125 0.062500 0.031250 0.031250
0 0.013672 0.220703 0.027344 0.019531
0 0.156250 0.156250 0.031250 0.015625
1 0.500000 0.750000 0.000000 0.000000
1 0.378906 0.605469 0.125000 0.109375
1 0.289062 0.644531 0.000000 0.000000
1 0.335938 0.314453 0.164062 0.152344
1 0.523438 0.259766 0.210938 0.160156
1 0.625000 0.595703 0.289062 0.207031
1 0.218750 0.462891 0.250000 0.191406
1 0.048828 0.492188 0.097656 0.085938
1 0.050781 0.398438 0.101562 0.085938
1 0.099609 0.283203 0.199219 0.121094
1 0.767578 0.281250 0.222656 0.171875
1 0.789062 0.875000 0.000000 0.000000
1 0.896484 0.867188 0.199219 0.156250
1 0.800781 0.949219 0.000000 0.000000
1 0.646484 0.865234 0.316406 0.097656
1 0.355469 0.929688 0.273438 0.125000
1 0.179688 0.988281 0.000000 0.000000
1 0.164062 0.964844 0.132812 0.062500
1 0.156250 0.871094 0.000000 0.000000
1 0.101562 0.855469 0.203125 0.210938
1 0.261719 0.832031 0.000000 0.000000
0 0.263672 0.828125 0.050781 0.046875
1 0.500000 0.746094 0.726562 0.156250
1 0.785156 0.953125 0.000000 0.000000
0 0.703125 0.935547 0.054688 0.035156
0 0.804688 0.943359 0.054688 0.042969
0 0.355469 0.828125 0.000000 0.000000
0 0.367188 0.050781 0.062500 0.054688
0 0.246094 0.054688 0.000000 0.000000
0 0.857422 0.042969 0.058594 0.054688
0 0.859375 0.105469 0.000000 0.000000
