0 0.042969 0.544922 0.085938 0.105469
1 0.281250 0.093750 0.078125 0.062500
1 0.027344 0.554688 0.054688 0.062500
0 0.046875 0.015625 0.093750 0.031250
1 0.156250 0.312500 0.046875 0.046875
1 0.183594 0.154297 0.046875 0.050781
1 0.025391 0.373047 0.050781 0.035156
1 0.031250 0.279297 0.046875 0.035156
1 0.015625 0.304688 0.031250 0.054688
1 0.076172 0.484375 0.035156 0.031250
0 0.015625 0.171875 0.031250 0.031250
1 0.015625 0.669922 0.031250 0.035156
0 0.140625 0.109375 0.031250 0.031250
1 0.074219 0.451172 0.039062 0.027344
1 0.078125 0.652344 0.031250 0.031250
0 0.013672 0.437500 0.027344 0.031250
1 0.091797 0.125000 0.035156 0.015625
1 0.248047 0.093750 0.035156 0.015625
1 0.031250 0.636719 0.031250 0.015625
1 0.095703 0.093750 0.027344 0.015625
0 0.025391 0.511719 0.019531 0.015625
1 0.210938 0.187500 0.015625 0.015625
