0 0.828125 0.500000 0.093750 0.140625
0 0.640625 0.828125 0.062500 0.062500
0 0.748047 0.837891 0.066406 0.058594
0 0.250000 0.916016 0.062500 0.058594
0 0.095703 0.498047 0.050781 0.050781
0 0.156250 0.759766 0.046875 0.042969
1 0.244141 0.640625 0.050781 0.031250
0 0.919922 0.777344 0.042969 0.039062
1 0.781250 0.015625 0.046875 0.031250
0 0.214844 0.888672 0.039062 0.035156
0 0.140625 0.816406 0.031250 0.039062
1 0.734375 0.060547 0.046875 0.027344
0 0.308594 0.048828 0.031250 0.035156
0 0.484375 0.468750 0.031250 0.031250
1 0.826172 0.046875 0.035156 0.031250
0 0.564453 0.486328 0.035156 0.027344
0 0.531250 0.486328 0.031250 0.027344
0 0.681641 0.453125 0.035156 0.015625
0 0.548828 0.533203 0.027344 0.027344
0 0.330078 0.734375 0.027344 0.031250
0 0.259766 0.794922 0.027344 0.027344
0 0.533203 0.517578 0.027344 0.027344
0 0.041016 0.244141 0.027344 0.019531
0 0.023438 0.595703 0.023438 0.019531
1 0.248047 0.322266 0.027344 0.019531
0 0.935547 0.705078 0.019531 0.019531
1 0.921875 0.548828 0.015625 0.011719
0 0.687500 0.683594 0.000000 0.000000
0 0.683594 0.722656 0.132812 0.125000
0 0.777344 0.781250 0.000000 0.000000
0 0.460938 0.779297 0.070312 0.074219
0 0.425781 0.681641 0.062500 0.074219
0 0.375000 0.691406 0.000000 0.000000
0 0.310547 0.632812 0.050781 0.039062
0 0.232422 0.666016 0.066406 0.066406
0 0.160156 0.789062 0.000000 0.000000
0 0.236328 0.833984 0.035156 0.027344
0 0.464844 0.835938 0.000000 0.000000
0 0.468750 0.853516 0.031250 0.042969
0 0.320312 0.769531 0.000000 0.000000
0 0.330078 0.775391 0.042969 0.035156
0 0.050781 0.910156 0.000000 0.000000
0 0.056641 0.916016 0.035156 0.027344
0 0.796875 0.316406 0.000000 0.000000
0 0.470703 0.386719 0.058594 0.070312
0 0.316406 0.306641 0.062500 0.042969
0 0.128906 0.378906 0.000000 0.000000
0 0.119141 0.388672 0.082031 0.082031
1 0.089844 0.257812 0.000000 0.000000
1 0.109375 0.312500 0.210938 0.109375
1 0.148438 0.339844 0.000000 0.000000
0 0.537109 0.070312 0.050781 0.046875
0 0.486328 0.083984 0.035156 0.035156
0 0.574219 0.068359 0.039062 0.035156
0 0.730469 0.031250 0.062500 0.031250
0 0.855469 0.085938 0.000000 0.000000
0 0.832031 0.074219 0.054688 0.046875
0 0.277344 0.082031 0.039062 0.039062
0 0.167969 0.050781 0.062500 0.046875
0 0.216797 0.125000 0.042969 0.039062
0 0.462891 0.156250 0.042969 0.039062
0 0.851562 0.332031 0.000000 0.000000
0 0.802734 0.318359 0.042969 0.035156
0 0.839844 0.328125 0.031250 0.015625
0 0.833984 0.349609 0.027344 0.019531
0 0.814453 0.382812 0.035156 0.023438
0 0.572266 0.554688 0.058594 0.070312
0 0.968750 0.800781 0.000000 0.000000
0 0.955078 0.818359 0.042969 0.050781
0 0.003906 0.953125 0.000000 0.000000
1 0.767578 0.160156 0.183594 0.132812
1 0.628906 0.320312 0.171875 0.132812
