0 0.388672 0.355469 0.058594 0.062500
0 0.214844 0.181641 0.054688 0.058594
0 0.017578 0.806641 0.035156 0.066406
0 0.314453 0.119141 0.058594 0.042969
0 0.056641 0.296875 0.050781 0.046875
0 0.392578 0.085938 0.042969 0.039062
0 0.628906 0.306641 0.039062 0.042969
0 0.337891 0.935547 0.042969 0.035156
0 0.455078 0.673828 0.035156 0.042969
0 0.529297 0.148438 0.035156 0.046875
0 0.875000 0.970703 0.046875 0.035156
0 0.398438 0.169922 0.039062 0.035156
0 0.173828 0.296875 0.035156 0.046875
0 0.984375 0.587891 0.031250 0.042969
0 0.906250 0.078125 0.031250 0.031250
0 0.964844 0.609375 0.031250 0.031250
0 0.968750 0.810547 0.031250 0.035156
0 0.250000 0.060547 0.031250 0.035156
0 0.558594 0.734375 0.031250 0.031250
0 0.171875 0.699219 0.031250 0.031250
0 0.964844 0.906250 0.031250 0.031250
0 0.978516 0.087891 0.035156 0.027344
0 0.658203 0.058594 0.027344 0.031250
0 0.986328 0.626953 0.019531 0.035156
0 0.216797 0.041016 0.027344 0.027344
0 0.250000 0.435547 0.031250 0.027344
0 0.203125 0.136719 0.031250 0.031250
0 0.048828 0.767578 0.027344 0.027344
0 0.171875 0.482422 0.031250 0.027344
0 0.468750 0.060547 0.031250 0.027344
0 0.580078 0.326172 0.027344 0.027344
0 0.482422 0.511719 0.027344 0.023438
0 0.736328 0.542969 0.027344 0.023438
0 0.408203 0.794922 0.027344 0.027344
0 0.388672 0.429688 0.027344 0.023438
0 0.542969 0.716797 0.023438 0.027344
0 0.027344 0.199219 0.023438 0.023438
0 0.970703 0.761719 0.027344 0.023438
0 0.779297 0.773438 0.027344 0.023438
1 0.992188 0.015625 0.015625 0.031250
0 0.966797 0.203125 0.027344 0.015625
0 0.371094 0.484375 0.023438 0.015625
1 0.511719 0.357422 0.023438 0.019531
0 0.472656 0.468750 0.023438 0.015625
1 0.371094 0.044922 0.023438 0.019531
0 0.992188 0.732422 0.015625 0.027344
0 0.798828 0.058594 0.027344 0.015625
1 0.921875 0.994141 0.031250 0.011719
0 0.697266 0.005859 0.019531 0.011719
1 0.814453 0.001953 0.027344 0.003906
0 0.722656 0.234375 0.000000 0.000000
0 0.728516 0.230469 0.042969 0.054688
0 0.761719 0.179688 0.000000 0.000000
0 0.123047 0.884766 0.042969 0.035156
0 0.261719 0.972656 0.000000 0.000000
0 0.275391 0.980469 0.050781 0.031250
0 0.851562 0.792969 0.000000 0.000000
0 0.847656 0.798828 0.031250 0.027344
0 0.890625 0.800781 0.039062 0.039062
0 0.468750 0.246094 0.000000 0.000000
0 0.462891 0.248047 0.105469 0.097656
0 0.480469 0.097656 0.000000 0.000000
0 0.488281 0.097656 0.039062 0.031250
0 0.468750 0.132812 0.039062 0.031250
0 0.273438 0.175781 0.000000 0.000000
0 0.265625 0.177734 0.031250 0.027344
0 0.021484 0.089844 0.042969 0.093750
0 0.941406 0.281250 0.000000 0.000000
0 0.957031 0.267578 0.039062 0.035156
1 0.970703 0.250000 0.050781 0.039062
1 0.734375 0.058594 0.000000 0.000000
0 0.652344 0.007812 0.000000 0.000000
0 0.734375 0.041016 0.031250 0.035156
0 0.708984 0.033203 0.121094 0.066406
