1 0.408203 0.777344 0.066406 0.062500
1 0.671875 0.453125 0.078125 0.046875
1 0.566406 0.486328 0.062500 0.050781
0 0.171875 0.548828 0.046875 0.058594
1 0.656250 0.517578 0.062500 0.035156
0 0.794922 0.484375 0.058594 0.031250
1 0.595703 0.515625 0.035156 0.039062
1 0.298828 0.546875 0.042969 0.031250
1 0.062500 0.650391 0.031250 0.035156
1 0.701172 0.515625 0.035156 0.031250
1 0.017578 0.605469 0.035156 0.031250
1 0.951172 0.546875 0.035156 0.031250
1 0.484375 0.546875 0.031250 0.031250
1 0.218750 0.628906 0.031250 0.023438
1 0.578125 0.501953 0.031250 0.027344
1 0.984375 0.546875 0.015625 0.031250
0 0.617188 0.455078 0.031250 0.019531
0 0.250000 0.500000 0.031250 0.015625
0 0.085938 0.689453 0.023438 0.027344
0 0.294922 0.861328 0.027344 0.027344
1 0.205078 0.591797 0.027344 0.019531
1 0.080078 0.595703 0.027344 0.019531
1 0.455078 0.679688 0.019531 0.023438
0 0.183594 0.876953 0.023438 0.019531
1 0.281250 0.527344 0.031250 0.015625
0 0.205078 0.541016 0.019531 0.019531
1 0.812500 0.515625 0.015625 0.015625
1 0.306641 0.828125 0.019531 0.015625
0 0.652344 0.439453 0.015625 0.019531
0 0.546875 0.460938 0.015625 0.015625
1 0.744141 0.441406 0.019531 0.015625
1 0.878906 0.513672 0.023438 0.011719
1 0.298828 0.515625 0.027344 0.015625
0 0.828125 0.871094 0.000000 0.000000
0 0.828125 0.851562 0.031250 0.046875
0 0.878906 0.851562 0.000000 0.000000
0 0.873047 0.855469 0.035156 0.046875
0 0.695312 0.882812 0.000000 0.000000
0 0.718750 0.851562 0.000000 0.000000
0 0.716797 0.873047 0.042969 0.035156
0 0.511719 0.875000 0.000000 0.000000
0 0.554688 0.890625 0.000000 0.000000
0 0.558594 0.925781 0.000000 0.000000
0 0.533203 0.890625 0.042969 0.039062
0 0.496094 0.933594 0.000000 0.000000
0 0.492188 0.927734 0.046875 0.042969
0 0.441406 0.960938 0.000000 0.000000
0 0.429688 0.968750 0.062500 0.046875
0 0.179688 0.636719 0.000000 0.000000
0 0.007812 0.654297 0.015625 0.027344
0 0.125000 0.640625 0.000000 0.000000
1 0.099609 0.699219 0.199219 0.148438
1 0.148438 0.816406 0.000000 0.000000
0 0.142578 0.826172 0.066406 0.058594
0 0.250000 0.628906 0.000000 0.000000
1 0.287109 0.617188 0.082031 0.046875
1 0.421875 0.554688 0.000000 0.000000
1 0.369141 0.570312 0.066406 0.031250
0 0.419922 0.566406 0.027344 0.023438
0 0.451172 0.498047 0.042969 0.035156
1 0.878906 0.414062 0.117188 0.062500
1 0.839844 0.503906 0.000000 0.000000
1 0.937500 0.488281 0.000000 0.000000
0 0.937500 0.492188 0.031250 0.023438
0 0.976562 0.476562 0.023438 0.023438
0 0.835938 0.671875 0.000000 0.000000
0 0.748047 0.626953 0.035156 0.027344
0 0.789062 0.623047 0.039062 0.027344
0 0.824219 0.652344 0.031250 0.031250
0 0.904297 0.652344 0.035156 0.046875
0 0.939453 0.693359 0.035156 0.027344
0 0.642578 0.794922 0.027344 0.035156
