1 0.046875 0.072266 0.093750 0.144531
0 0.673828 0.376953 0.089844 0.066406
0 0.527344 0.314453 0.062500 0.074219
0 0.123047 0.697266 0.066406 0.042969
0 0.076172 0.595703 0.066406 0.035156
0 0.859375 0.669922 0.046875 0.058594
0 0.160156 0.775391 0.046875 0.050781
0 0.759766 0.683594 0.042969 0.054688
0 0.535156 0.234375 0.046875 0.046875
1 0.853516 0.720703 0.050781 0.035156
0 0.109375 0.603516 0.031250 0.042969
0 0.203125 0.343750 0.031250 0.046875
0 0.111328 0.562500 0.042969 0.031250
0 0.421875 0.212891 0.031250 0.035156
0 0.498047 0.199219 0.035156 0.031250
0 0.453125 0.503906 0.031250 0.031250
1 0.171875 0.183594 0.031250 0.031250
1 0.138672 0.121094 0.035156 0.031250
0 0.150391 0.960938 0.035156 0.031250
0 0.878906 0.791016 0.039062 0.027344
0 0.173828 0.734375 0.035156 0.031250
0 0.621094 0.492188 0.031250 0.031250
0 0.984375 0.589844 0.031250 0.031250
0 0.732422 0.330078 0.027344 0.035156
0 0.390625 0.154297 0.031250 0.027344
0 0.763672 0.359375 0.035156 0.031250
1 0.187500 0.681641 0.031250 0.027344
1 0.406250 0.421875 0.031250 0.031250
0 0.837891 0.312500 0.027344 0.031250
0 0.587891 0.666016 0.027344 0.027344
0 0.234375 0.658203 0.031250 0.027344
1 0.765625 0.699219 0.031250 0.023438
1 0.542969 0.482422 0.023438 0.027344
0 0.136719 0.210938 0.031250 0.023438
0 0.763672 0.310547 0.027344 0.027344
0 0.642578 0.375000 0.027344 0.031250
0 0.703125 0.107422 0.031250 0.027344
0 0.515625 0.431641 0.031250 0.019531
1 0.714844 0.355469 0.023438 0.023438
0 0.714844 0.904297 0.023438 0.019531
0 0.486328 0.142578 0.019531 0.027344
0 0.267578 0.982422 0.027344 0.019531
1 0.455078 0.201172 0.027344 0.019531
0 0.392578 0.515625 0.027344 0.015625
1 0.701172 0.867188 0.027344 0.015625
0 0.080078 0.187500 0.027344 0.015625
1 0.478516 0.447266 0.019531 0.019531
1 0.509766 0.126953 0.019531 0.019531
1 0.025391 0.626953 0.019531 0.019531
0 0.248047 0.970703 0.019531 0.019531
1 0.525391 0.541016 0.019531 0.019531
0 0.263672 0.523438 0.027344 0.015625
1 0.234375 0.535156 0.015625 0.015625
0 0.234375 0.503906 0.015625 0.015625
0 0.203125 0.718750 0.015625 0.015625
1 0.595703 0.439453 0.027344 0.011719
1 0.394531 0.003906 0.000000 0.000000
1 0.271484 0.056641 0.292969 0.097656
1 0.105469 0.339844 0.000000 0.000000
1 0.097656 0.314453 0.109375 0.113281
1 0.167969 0.273438 0.000000 0.000000
1 0.193359 0.263672 0.074219 0.050781
1 0.203125 0.312500 0.000000 0.000000
0 0.212891 0.308594 0.042969 0.031250
0 0.664062 0.414062 0.000000 0.000000
0 0.794922 0.650391 0.050781 0.058594
0 0.947266 0.744141 0.097656 0.121094
0 0.343750 0.976562 0.000000 0.000000
0 0.439453 0.603516 0.035156 0.042969
0 0.667969 0.257812 0.039062 0.031250
0 0.703125 0.218750 0.039062 0.031250
0 0.425781 0.109375 0.023438 0.023438
1 0.335938 0.324219 0.000000 0.000000
1 0.324219 0.324219 0.101562 0.046875
0 0.291016 0.169922 0.042969 0.050781
0 0.892578 0.878906 0.074219 0.078125
