0 0.212891 0.562500 0.058594 0.093750
0 0.220703 0.281250 0.066406 0.062500
1 0.763672 0.017578 0.097656 0.035156
0 0.808594 0.279297 0.070312 0.050781
0 0.593750 0.626953 0.062500 0.058594
0 0.607422 0.064453 0.058594 0.058594
0 0.830078 0.326172 0.074219 0.042969
0 0.830078 0.125000 0.066406 0.046875
0 0.152344 0.546875 0.054688 0.046875
0 0.542969 0.640625 0.039062 0.062500
0 0.871094 0.035156 0.054688 0.046875
0 0.201172 0.091797 0.058594 0.035156
0 0.308594 0.593750 0.046875 0.046875
1 0.388672 0.025391 0.058594 0.027344
0 0.355469 0.623047 0.039062 0.035156
0 0.169922 0.267578 0.035156 0.035156
0 0.263672 0.566406 0.035156 0.039062
0 0.648438 0.503906 0.054688 0.023438
1 0.210938 0.158203 0.046875 0.027344
0 0.546875 0.035156 0.031250 0.031250
0 0.421875 0.312500 0.031250 0.031250
0 0.042969 0.222656 0.046875 0.023438
1 0.359375 0.250000 0.031250 0.031250
1 0.419922 0.015625 0.035156 0.031250
0 0.244141 0.423828 0.027344 0.035156
1 0.361328 0.230469 0.035156 0.023438
0 0.359375 0.861328 0.031250 0.027344
0 0.437500 0.234375 0.031250 0.031250
0 0.359375 0.343750 0.031250 0.031250
0 0.953125 0.263672 0.031250 0.027344
0 0.314453 0.220703 0.027344 0.027344
0 0.384766 0.296875 0.027344 0.031250
0 0.107422 0.562500 0.027344 0.031250
0 0.421875 0.841797 0.031250 0.027344
1 0.921875 0.357422 0.031250 0.027344
0 0.515625 0.888672 0.031250 0.027344
0 0.134766 0.273438 0.027344 0.023438
0 0.923828 0.292969 0.027344 0.023438
0 0.480469 0.869141 0.031250 0.019531
0 0.107422 0.228516 0.027344 0.019531
1 0.339844 0.064453 0.023438 0.019531
0 0.197266 0.259766 0.019531 0.027344
0 0.986328 0.292969 0.019531 0.023438
0 0.433594 0.390625 0.023438 0.015625
0 0.455078 0.734375 0.027344 0.015625
1 0.896484 0.919922 0.199219 0.152344
1 0.791016 0.539062 0.105469 0.093750
1 0.941406 0.447266 0.109375 0.113281
1 0.957031 0.601562 0.000000 0.000000
1 0.943359 0.595703 0.105469 0.128906
0 0.945312 0.496094 0.054688 0.039062
1 0.837891 0.605469 0.066406 0.125000
0 0.660156 0.640625 0.062500 0.070312
1 0.464844 0.457031 0.109375 0.085938
1 0.503906 0.544922 0.164062 0.105469
0 0.480469 0.218750 0.000000 0.000000
0 0.498047 0.187500 0.066406 0.054688
0 0.601562 0.113281 0.078125 0.070312
0 0.714844 0.140625 0.000000 0.000000
1 0.716797 0.109375 0.136719 0.140625
1 0.746094 0.054688 0.000000 0.000000
0 0.960938 0.126953 0.054688 0.050781
0 0.921875 0.207031 0.000000 0.000000
0 0.099609 0.341797 0.042969 0.035156
0 0.138672 0.322266 0.050781 0.042969
0 0.023438 0.265625 0.000000 0.000000
0 0.089844 0.533203 0.039062 0.027344
0 0.226562 0.476562 0.000000 0.000000
1 0.261719 0.488281 0.132812 0.117188
1 0.335938 0.398438 0.000000 0.000000
1 0.093750 0.722656 0.000000 0.000000
1 0.083984 0.705078 0.167969 0.207031
0 0.191406 0.679688 0.109375 0.085938
0 0.583984 0.814453 0.050781 0.035156
1 0.714844 0.929688 0.164062 0.101562
