0 0.705078 0.888672 0.222656 0.222656
0 0.890625 0.628906 0.140625 0.140625
0 0.855469 0.792969 0.101562 0.093750
1 0.517578 0.929688 0.089844 0.085938
0 0.298828 0.830078 0.089844 0.058594
0 0.964844 0.683594 0.070312 0.054688
0 0.830078 0.625000 0.050781 0.062500
0 0.593750 0.947266 0.062500 0.050781
1 0.578125 0.642578 0.078125 0.035156
0 0.705078 0.761719 0.058594 0.046875
0 0.890625 0.939453 0.031250 0.066406
0 0.861328 0.986328 0.058594 0.019531
0 0.109375 0.931641 0.031250 0.035156
0 0.712891 0.546875 0.027344 0.031250
1 0.765625 0.562500 0.031250 0.015625
0 0.703125 0.935547 0.031250 0.027344
0 0.544922 0.751953 0.027344 0.027344
0 0.404297 0.843750 0.027344 0.015625
1 0.451172 0.867188 0.027344 0.015625
1 0.843750 0.748047 0.015625 0.003906
0 0.179688 0.933594 0.000000 0.000000
0 0.179688 0.943359 0.046875 0.042969
