0 0.359375 0.335938 0.093750 0.078125
0 0.357422 0.281250 0.097656 0.062500
0 0.878906 0.437500 0.078125 0.078125
0 0.527344 0.404297 0.070312 0.066406
0 0.810547 0.035156 0.066406 0.070312
0 0.046875 0.449219 0.078125 0.046875
0 0.173828 0.777344 0.050781 0.054688
0 0.951172 0.746094 0.050781 0.054688
0 0.111328 0.609375 0.058594 0.046875
1 0.150391 0.119141 0.042969 0.050781
1 0.291016 0.263672 0.042969 0.042969
0 0.072266 0.472656 0.050781 0.031250
1 0.466797 0.736328 0.035156 0.035156
0 0.015625 0.621094 0.031250 0.046875
1 0.201172 0.736328 0.035156 0.035156
0 0.578125 0.179688 0.031250 0.039062
0 0.933594 0.341797 0.039062 0.035156
0 0.531250 0.501953 0.031250 0.035156
0 0.666016 0.048828 0.035156 0.035156
0 0.640625 0.658203 0.031250 0.035156
0 0.478516 0.367188 0.035156 0.031250
0 0.015625 0.500000 0.031250 0.031250
0 0.433594 0.244141 0.031250 0.035156
0 0.167969 0.593750 0.031250 0.031250
0 0.109375 0.222656 0.031250 0.031250
0 0.859375 0.623047 0.031250 0.035156
1 0.773438 0.496094 0.039062 0.023438
0 0.875000 0.595703 0.031250 0.027344
0 0.449219 0.687500 0.031250 0.031250
0 0.419922 0.183594 0.027344 0.031250
1 0.136719 0.853516 0.039062 0.019531
0 0.345703 0.556641 0.027344 0.027344
1 0.328125 0.373047 0.031250 0.027344
0 0.283203 0.423828 0.027344 0.027344
0 0.689453 0.597656 0.027344 0.023438
1 0.439453 0.191406 0.027344 0.023438
0 0.683594 0.501953 0.023438 0.027344
0 0.210938 0.378906 0.023438 0.023438
1 0.722656 0.597656 0.031250 0.015625
1 0.734375 0.617188 0.031250 0.015625
0 0.736328 0.572266 0.027344 0.019531
1 0.253906 0.779297 0.023438 0.019531
1 0.156250 0.748047 0.015625 0.019531
0 0.384766 0.767578 0.019531 0.019531
0 0.691406 0.015625 0.023438 0.015625
1 0.298828 0.292969 0.019531 0.015625
0 0.994141 0.691406 0.011719 0.023438
1 0.798828 0.878906 0.230469 0.140625
1 0.570312 0.900391 0.203125 0.128906
1 0.466797 0.830078 0.089844 0.058594
1 0.769531 0.761719 0.000000 0.000000
1 0.726562 0.751953 0.195312 0.097656
1 0.933594 0.914062 0.109375 0.125000
1 0.365234 0.916016 0.152344 0.136719
1 0.234375 0.875000 0.000000 0.000000
1 0.226562 0.824219 0.078125 0.039062
0 0.238281 0.873047 0.046875 0.050781
0 0.390625 0.835938 0.000000 0.000000
0 0.378906 0.841797 0.031250 0.035156
0 0.089844 0.421875 0.000000 0.000000
0 0.085938 0.412109 0.023438 0.027344
0 0.058594 0.410156 0.031250 0.023438
0 0.070312 0.437500 0.000000 0.000000
0 0.228516 0.410156 0.027344 0.031250
0 0.238281 0.363281 0.000000 0.000000
0 0.236328 0.359375 0.058594 0.046875
0 0.378906 0.441406 0.000000 0.000000
0 0.369141 0.435547 0.050781 0.042969
0 0.394531 0.457031 0.000000 0.000000
0 0.812500 0.548828 0.046875 0.042969
0 0.910156 0.585938 0.000000 0.000000
0 0.900391 0.582031 0.042969 0.031250
0 0.976562 0.625000 0.000000 0.000000
0 0.970703 0.613281 0.042969 0.046875
0 0.976562 0.583984 0.039062 0.042969
0 0.781250 0.207031 0.000000 0.000000
0 0.767578 0.201172 0.050781 0.035156
0 0.847656 0.171875 0.000000 0.000000
0 0.871094 0.175781 0.000000 0.000000
0 0.857422 0.173828 0.035156 0.035156
0 0.964844 0.121094 0.000000 0.000000
0 0.951172 0.107422 0.066406 0.058594
0 0.023438 0.175781 0.000000 0.000000
0 0.013672 0.134766 0.027344 0.050781
0 0.076172 0.921875 0.058594 0.039062
0 0.669922 0.279297 0.035156 0.035156
0 0.812500 0.253906 0.000000 0.000000
0 0.812500 0.251953 0.039062 0.035156
0 0.279297 0.640625 0.058594 0.039062
