0 0.890625 0.648438 0.140625 0.093750
0 0.953125 0.261719 0.093750 0.101562
0 0.250000 0.173828 0.125000 0.066406
0 0.126953 0.388672 0.105469 0.074219
0 0.628906 0.830078 0.078125 0.066406
0 0.140625 0.328125 0.093750 0.046875
0 0.906250 0.750000 0.062500 0.062500
0 0.580078 0.244141 0.066406 0.058594
0 0.810547 0.093750 0.058594 0.062500
0 0.578125 0.263672 0.046875 0.058594
0 0.400391 0.251953 0.050781 0.050781
0 0.337891 0.279297 0.050781 0.035156
0 0.283203 0.273438 0.058594 0.031250
0 0.917969 0.171875 0.062500 0.031250
0 0.748047 0.253906 0.042969 0.039062
0 0.621094 0.441406 0.039062 0.039062
0 0.816406 0.015625 0.046875 0.031250
0 0.816406 0.203125 0.046875 0.031250
0 0.048828 0.263672 0.035156 0.035156
0 0.169922 0.328125 0.042969 0.031250
0 0.671875 0.158203 0.031250 0.035156
1 0.533203 0.265625 0.035156 0.031250
0 0.464844 0.884766 0.031250 0.035156
0 0.281250 0.353516 0.031250 0.035156
0 0.171875 0.015625 0.031250 0.031250
1 0.169922 0.246094 0.027344 0.031250
1 0.509766 0.625000 0.027344 0.031250
0 0.078125 0.292969 0.031250 0.023438
1 0.736328 0.230469 0.027344 0.023438
0 0.451172 0.283203 0.027344 0.019531
0 0.984375 0.455078 0.031250 0.019531
0 0.917969 0.501953 0.023438 0.019531
1 0.345703 0.658203 0.027344 0.019531
1 0.666016 0.910156 0.019531 0.023438
0 0.500000 0.232422 0.015625 0.027344
0 0.416016 0.298828 0.019531 0.019531
0 0.931641 0.142578 0.011719 0.027344
1 0.705078 0.423828 0.121094 0.113281
0 0.476562 0.343750 0.000000 0.000000
0 0.466797 0.332031 0.042969 0.046875
0 0.519531 0.355469 0.000000 0.000000
0 0.513672 0.353516 0.027344 0.027344
0 0.394531 0.308594 0.000000 0.000000
0 0.390625 0.308594 0.039062 0.031250
0 0.140625 0.402344 0.000000 0.000000
0 0.412109 0.099609 0.058594 0.058594
0 0.425781 0.136719 0.000000 0.000000
0 0.371094 0.166016 0.039062 0.035156
1 0.398438 0.039062 0.000000 0.000000
1 0.392578 0.046875 0.042969 0.046875
0 0.712891 0.042969 0.042969 0.039062
0 0.941406 0.039062 0.000000 0.000000
0 0.941406 0.017578 0.054688 0.035156
0 0.896484 0.382812 0.050781 0.046875
1 0.464844 0.699219 0.093750 0.078125
0 0.185547 0.804688 0.058594 0.046875
0 0.275391 0.882812 0.042969 0.023438
0 0.207031 0.958984 0.039062 0.035156
0 0.175781 0.933594 0.039062 0.039062
0 0.291016 0.951172 0.042969 0.042969
0 0.605469 0.957031 0.046875 0.039062
0 0.550781 0.652344 0.000000 0.000000
0 0.560547 0.667969 0.050781 0.046875
0 0.574219 0.710938 0.000000 0.000000
0 0.888672 0.572266 0.050781 0.050781
0 0.992188 0.632812 0.000000 0.000000
0 0.867188 0.738281 0.039062 0.046875
