0 0.673828 0.654297 0.089844 0.066406
0 0.658203 0.751953 0.066406 0.082031
0 0.966797 0.210938 0.066406 0.078125
0 0.625000 0.617188 0.062500 0.078125
1 0.560547 0.667969 0.066406 0.070312
0 0.251953 0.962891 0.058594 0.074219
0 0.968750 0.437500 0.062500 0.062500
0 0.921875 0.417969 0.031250 0.078125
0 0.828125 0.044922 0.031250 0.074219
1 0.732422 0.025391 0.050781 0.050781
0 0.933594 0.306641 0.070312 0.035156
0 0.742188 0.939453 0.054688 0.042969
0 0.603516 0.753906 0.042969 0.054688
0 0.794922 0.806641 0.035156 0.058594
0 0.712891 0.804688 0.042969 0.046875
1 0.640625 0.835938 0.031250 0.054688
1 0.562500 0.984375 0.062500 0.031250
0 0.761719 0.888672 0.039062 0.042969
0 0.730469 0.228516 0.039062 0.042969
0 0.826172 0.830078 0.035156 0.042969
0 0.117188 0.125000 0.046875 0.031250
0 0.265625 0.765625 0.031250 0.046875
0 0.013672 0.109375 0.027344 0.046875
0 0.734375 0.906250 0.031250 0.031250
0 0.984375 0.308594 0.031250 0.031250
1 0.642578 0.699219 0.027344 0.031250
1 0.142578 0.845703 0.027344 0.027344
0 0.742188 0.064453 0.023438 0.027344
0 0.152344 0.046875 0.031250 0.015625
1 0.767578 0.830078 0.027344 0.019531
0 0.048828 0.339844 0.019531 0.023438
1 0.697266 0.890625 0.019531 0.015625
1 0.939453 0.328125 0.019531 0.015625
0 0.759766 0.921875 0.019531 0.015625
1 0.603516 0.994141 0.019531 0.011719
1 0.140625 0.742188 0.000000 0.000000
1 0.148438 0.734375 0.296875 0.218750
1 0.398438 0.693359 0.273438 0.277344
1 0.115234 0.527344 0.222656 0.187500
1 0.136719 0.228516 0.273438 0.214844
1 0.519531 0.248047 0.289062 0.371094
1 0.796875 0.451172 0.265625 0.300781
1 0.958984 0.582031 0.058594 0.101562
0 0.324219 0.128906 0.000000 0.000000
0 0.333984 0.128906 0.050781 0.062500
0 0.421875 0.529297 0.046875 0.035156
0 0.460938 0.578125 0.000000 0.000000
0 0.458984 0.566406 0.027344 0.054688
0 0.533203 0.580078 0.035156 0.027344
1 0.412109 0.468750 0.410156 0.179688
1 0.720703 0.121094 0.097656 0.125000
1 0.789062 0.171875 0.000000 0.000000
0 0.796875 0.123047 0.039062 0.066406
0 0.906250 0.117188 0.000000 0.000000
0 0.912109 0.117188 0.058594 0.054688
0 0.843750 0.132812 0.000000 0.000000
0 0.896484 0.025391 0.058594 0.042969
0 0.980469 0.460938 0.000000 0.000000
0 0.976562 0.474609 0.039062 0.074219
0 0.960938 0.402344 0.000000 0.000000
0 0.917969 0.687500 0.054688 0.046875
0 0.843750 0.773438 0.000000 0.000000
0 0.833984 0.769531 0.027344 0.015625
0 0.875000 0.851562 0.000000 0.000000
0 0.869141 0.814453 0.042969 0.042969
0 0.570312 0.953125 0.000000 0.000000
0 0.566406 0.958984 0.046875 0.035156
0 0.253906 0.906250 0.000000 0.000000
0 0.259766 0.904297 0.058594 0.042969
0 0.265625 0.980469 0.000000 0.000000
1 0.822266 0.248047 0.160156 0.175781
1 0.759766 0.685547 0.113281 0.097656
1 0.667969 0.687500 0.000000 0.000000
