0 0.203125 0.187500 0.093750 0.078125
0 0.027344 0.111328 0.054688 0.089844
0 0.091797 0.044922 0.066406 0.066406
0 0.869141 0.330078 0.050781 0.058594
0 0.048828 0.201172 0.050781 0.050781
0 0.201172 0.527344 0.042969 0.046875
1 0.027344 0.015625 0.054688 0.031250
0 0.798828 0.246094 0.035156 0.046875
0 0.123047 0.679688 0.058594 0.031250
0 0.468750 0.140625 0.046875 0.031250
0 0.798828 0.291016 0.042969 0.035156
0 0.015625 0.572266 0.031250 0.042969
0 0.837891 0.312500 0.035156 0.031250
1 0.904297 0.371094 0.035156 0.031250
0 0.171875 0.091797 0.046875 0.027344
0 0.203125 0.109375 0.031250 0.031250
0 0.736328 0.197266 0.035156 0.027344
0 0.767578 0.292969 0.027344 0.039062
0 0.296875 0.205078 0.031250 0.027344
0 0.597656 0.341797 0.031250 0.027344
0 0.917969 0.328125 0.023438 0.031250
1 0.875000 0.199219 0.031250 0.023438
0 0.814453 0.203125 0.027344 0.031250
0 0.439453 0.585938 0.027344 0.023438
1 0.830078 0.275391 0.027344 0.027344
0 0.611328 0.199219 0.027344 0.023438
1 0.009766 0.595703 0.019531 0.019531
1 0.443359 0.376953 0.097656 0.058594
1 0.277344 0.734375 0.000000 0.000000
0 0.343750 0.517578 0.039062 0.027344
0 0.242188 0.488281 0.000000 0.000000
0 0.253906 0.494141 0.039062 0.035156
0 0.140625 0.558594 0.000000 0.000000
0 0.132812 0.564453 0.031250 0.035156
0 0.128906 0.710938 0.000000 0.000000
0 0.128906 0.703125 0.000000 0.000000
0 0.123047 0.701172 0.027344 0.035156
0 0.302734 0.871094 0.035156 0.031250
0 0.265625 0.791016 0.039062 0.035156
0 0.330078 0.812500 0.027344 0.023438
0 0.431641 0.794922 0.035156 0.027344
0 0.476562 0.890625 0.046875 0.031250
0 0.501953 0.933594 0.035156 0.023438
0 0.947266 0.625000 0.074219 0.070312
1 0.826172 0.722656 0.207031 0.156250
1 0.958984 0.433594 0.074219 0.070312
1 0.714844 0.417969 0.000000 0.000000
1 0.714844 0.449219 0.000000 0.000000
1 0.437500 0.494141 0.171875 0.144531
0 0.335938 0.287109 0.062500 0.066406
0 0.210938 0.300781 0.000000 0.000000
0 0.175781 0.291016 0.132812 0.089844
0 0.464844 0.175781 0.000000 0.000000
0 0.447266 0.193359 0.042969 0.035156
0 0.464844 0.167969 0.062500 0.039062
0 0.501953 0.052734 0.050781 0.050781
0 0.488281 0.082031 0.000000 0.000000
0 0.484375 0.072266 0.031250 0.027344
0 0.464844 0.003906 0.000000 0.000000
0 0.472656 0.011719 0.046875 0.023438
0 0.656250 0.199219 0.000000 0.000000
0 0.648438 0.201172 0.023438 0.027344
0 0.687500 0.212891 0.023438 0.035156
0 0.673828 0.134766 0.050781 0.042969
0 0.753906 0.046875 0.000000 0.000000
1 0.775391 0.132812 0.105469 0.070312
0 0.410156 0.246094 0.000000 0.000000
0 0.408203 0.255859 0.058594 0.035156
0 0.117188 0.156250 0.000000 0.000000
0 0.107422 0.154297 0.035156 0.027344
0 0.238281 0.136719 0.000000 0.000000
0 0.238281 0.136719 0.039062 0.046875
0 0.261719 0.960938 0.000000 0.000000
0 0.265625 0.958984 0.023438 0.027344
0 0.240234 0.966797 0.019531 0.019531
0 0.191406 0.988281 0.000000 0.000000
0 0.181641 0.982422 0.027344 0.027344
0 0.210938 0.992188 0.000000 0.000000
0 0.371094 0.960938 0.093750 0.070312
0 0.781250 0.980469 0.054688 0.031250
0 0.562500 0.837891 0.046875 0.035156
0 0.316406 0.609375 0.023438 0.023438
0 0.417969 0.679688 0.000000 0.000000
0 0.400391 0.671875 0.035156 0.031250
0 0.025391 0.873047 0.050781 0.113281
1 0.917969 0.044922 0.156250 0.089844
1 0.949219 0.185547 0.093750 0.175781
1 0.351562 0.109375 0.000000 0.000000
0 0.353516 0.111328 0.035156 0.019531
0 0.369141 0.138672 0.035156 0.035156
0 0.386719 0.156250 0.000000 0.000000
0 0.392578 0.146484 0.042969 0.042969
1 0.376953 0.064453 0.121094 0.128906
1 0.750000 0.480469 0.000000 0.000000
1 0.732422 0.396484 0.199219 0.175781
1 0.652344 0.585938 0.000000 0.000000
0 0.597656 0.542969 0.054688 0.039062
1 0.625000 0.589844 0.117188 0.085938
1 0.683594 0.531250 0.093750 0.085938
