0 0.400391 0.148438 0.113281 0.093750
0 0.404297 0.201172 0.097656 0.105469
0 0.066406 0.267578 0.078125 0.089844
0 0.156250 0.263672 0.062500 0.066406
1 0.062500 0.220703 0.078125 0.035156
0 0.242188 0.679688 0.054688 0.054688
0 0.019531 0.109375 0.039062 0.062500
1 0.062500 0.330078 0.062500 0.035156
0 0.246094 0.900391 0.054688 0.042969
0 0.123047 0.546875 0.042969 0.046875
0 0.126953 0.220703 0.050781 0.035156
0 0.042969 0.376953 0.039062 0.050781
0 0.386719 0.408203 0.046875 0.035156
0 0.578125 0.140625 0.031250 0.046875
1 0.855469 0.841797 0.039062 0.035156
0 0.390625 0.046875 0.031250 0.031250
0 0.509766 0.095703 0.035156 0.035156
0 0.607422 0.015625 0.035156 0.031250
1 0.185547 0.308594 0.035156 0.031250
0 0.373047 0.468750 0.035156 0.031250
0 0.232422 0.589844 0.042969 0.023438
1 0.171875 0.671875 0.031250 0.031250
1 0.171875 0.515625 0.031250 0.031250
0 0.107422 0.888672 0.027344 0.027344
0 0.234375 0.292969 0.031250 0.023438
0 0.437500 0.417969 0.031250 0.023438
0 0.015625 0.701172 0.031250 0.027344
1 0.060547 0.623047 0.027344 0.027344
0 0.580078 0.134766 0.027344 0.027344
1 0.167969 0.597656 0.023438 0.023438
0 0.523438 0.199219 0.023438 0.023438
1 0.439453 0.378906 0.027344 0.015625
1 0.263672 0.253906 0.019531 0.015625
1 0.406250 0.390625 0.015625 0.015625
1 0.142578 0.746094 0.105469 0.109375
1 0.074219 0.738281 0.000000 0.000000
1 0.074219 0.734375 0.046875 0.046875
1 0.210938 0.839844 0.000000 0.000000
0 0.187500 0.851562 0.031250 0.023438
0 0.417969 0.554688 0.000000 0.000000
0 0.416016 0.550781 0.035156 0.039062
0 0.355469 0.585938 0.000000 0.000000
0 0.353516 0.582031 0.042969 0.046875
0 0.320312 0.556641 0.039062 0.042969
0 0.406250 0.328125 0.000000 0.000000
0 0.378906 0.335938 0.117188 0.101562
0 0.457031 0.324219 0.000000 0.000000
1 0.458984 0.306641 0.066406 0.042969
1 0.570312 0.304688 0.000000 0.000000
0 0.564453 0.292969 0.042969 0.039062
0 0.656250 0.257812 0.000000 0.000000
0 0.648438 0.246094 0.054688 0.046875
0 0.679688 0.214844 0.000000 0.000000
1 0.658203 0.210938 0.058594 0.046875
0 0.734375 0.355469 0.000000 0.000000
1 0.726562 0.371094 0.164062 0.109375
1 0.867188 0.242188 0.062500 0.062500
1 0.835938 0.300781 0.070312 0.070312
1 0.800781 0.521484 0.156250 0.089844
1 0.871094 0.611328 0.078125 0.042969
1 0.761719 0.695312 0.164062 0.101562
1 0.677734 0.552734 0.105469 0.089844
1 0.546875 0.156250 0.000000 0.000000
0 0.546875 0.158203 0.023438 0.027344
0 0.484375 0.027344 0.000000 0.000000
0 0.484375 0.042969 0.031250 0.031250
0 0.492188 0.011719 0.054688 0.023438
1 0.439453 0.013672 0.042969 0.027344
1 0.236328 0.017578 0.113281 0.035156
1 0.253906 0.152344 0.000000 0.000000
1 0.296875 0.085938 0.000000 0.000000
1 0.330078 0.080078 0.160156 0.089844
0 0.074219 0.378906 0.000000 0.000000
0 0.021484 0.414062 0.035156 0.054688
1 0.054688 0.423828 0.109375 0.113281
1 0.230469 0.738281 0.101562 0.093750
1 0.322266 0.972656 0.105469 0.046875
0 0.394531 0.968750 0.000000 0.000000
0 0.394531 0.976562 0.031250 0.031250
1 0.652344 0.832031 0.000000 0.000000
1 0.556641 0.837891 0.113281 0.113281
1 0.720703 0.939453 0.144531 0.113281
1 0.871094 0.964844 0.093750 0.054688
1 0.953125 0.826172 0.085938 0.082031
1 0.921875 0.689453 0.132812 0.167969
1 0.917969 0.351562 0.000000 0.000000
1 0.933594 0.363281 0.000000 0.000000
0 0.972656 0.343750 0.046875 0.070312
0 0.556641 0.507812 0.050781 0.046875
0 0.603516 0.558594 0.035156 0.031250
0 0.921875 0.048828 0.054688 0.050781
0 0.974609 0.134766 0.042969 0.058594
