0 0.404297 0.074219 0.128906 0.101562
0 0.689453 0.482422 0.128906 0.089844
0 0.031250 0.845703 0.062500 0.113281
0 0.750000 0.398438 0.062500 0.093750
0 0.335938 0.029297 0.101562 0.058594
0 0.433594 0.898438 0.085938 0.046875
0 0.203125 0.845703 0.078125 0.050781
0 0.212891 0.158203 0.050781 0.066406
0 0.265625 0.902344 0.046875 0.070312
0 0.306641 0.095703 0.050781 0.058594
0 0.408203 0.015625 0.082031 0.031250
0 0.500000 0.128906 0.046875 0.054688
0 0.500000 0.791016 0.062500 0.042969
0 0.826172 0.337891 0.035156 0.066406
0 0.671875 0.093750 0.046875 0.046875
0 0.187500 0.291016 0.062500 0.035156
0 0.376953 0.171875 0.066406 0.031250
1 0.250000 0.015625 0.062500 0.031250
1 0.232422 0.902344 0.035156 0.054688
0 0.796875 0.392578 0.031250 0.058594
0 0.576172 0.189453 0.042969 0.035156
0 0.767578 0.314453 0.042969 0.035156
0 0.347656 0.015625 0.046875 0.031250
0 0.652344 0.156250 0.039062 0.031250
1 0.265625 0.828125 0.031250 0.031250
0 0.625000 0.031250 0.031250 0.031250
1 0.171875 0.835938 0.031250 0.031250
0 0.464844 0.150391 0.031250 0.027344
1 0.042969 0.986328 0.046875 0.019531
0 0.701172 0.169922 0.027344 0.027344
0 0.730469 0.205078 0.031250 0.027344
0 0.642578 0.103516 0.027344 0.019531
0 0.763672 0.218750 0.027344 0.015625
0 0.072266 0.322266 0.027344 0.019531
0 0.673828 0.232422 0.019531 0.019531
0 0.814453 0.312500 0.019531 0.015625
0 0.750000 0.371094 0.015625 0.015625
0 0.820312 0.154297 0.085938 0.074219
0 0.820312 0.195312 0.000000 0.000000
0 0.681641 0.130859 0.035156 0.019531
0 0.597656 0.125000 0.000000 0.000000
0 0.634766 0.183594 0.035156 0.039062
0 0.527344 0.160156 0.000000 0.000000
1 0.556641 0.117188 0.105469 0.117188
1 0.080078 0.169922 0.160156 0.199219
0 0.886719 0.273438 0.062500 0.046875
0 0.484375 0.687500 0.000000 0.000000
1 0.470703 0.419922 0.503906 0.371094
1 0.000000 0.324219 0.000000 0.000000
1 0.138672 0.582031 0.246094 0.468750
1 0.453125 0.708984 0.335938 0.167969
1 0.765625 0.636719 0.445312 0.718750
1 0.189453 0.906250 0.253906 0.093750
