0 0.242188 0.345703 0.117188 0.121094
0 0.875000 0.679688 0.062500 0.078125
0 0.316406 0.156250 0.054688 0.062500
0 0.222656 0.791016 0.054688 0.058594
0 0.701172 0.947266 0.050781 0.058594
0 0.669922 0.546875 0.050781 0.046875
0 0.625000 0.595703 0.062500 0.035156
0 0.875000 0.814453 0.046875 0.042969
0 0.361328 0.125000 0.035156 0.046875
0 0.671875 0.916016 0.046875 0.035156
0 0.578125 0.687500 0.031250 0.046875
0 0.451172 0.687500 0.035156 0.031250
0 0.837891 0.419922 0.035156 0.035156
0 0.898438 0.167969 0.046875 0.023438
0 0.640625 0.812500 0.031250 0.031250
0 0.763672 0.937500 0.035156 0.031250
0 0.234375 0.421875 0.031250 0.031250
0 0.640625 0.359375 0.031250 0.031250
0 0.453125 0.441406 0.031250 0.031250
0 0.828125 0.812500 0.031250 0.031250
0 0.546875 0.283203 0.031250 0.035156
0 0.546875 0.486328 0.031250 0.027344
0 0.556641 0.375000 0.027344 0.031250
0 0.337891 0.078125 0.027344 0.031250
0 0.984375 0.796875 0.031250 0.031250
0 0.701172 0.470703 0.027344 0.027344
0 0.322266 0.701172 0.027344 0.027344
0 0.369141 0.871094 0.027344 0.023438
0 0.839844 0.275391 0.023438 0.027344
0 0.498047 0.439453 0.027344 0.027344
0 0.626953 0.966797 0.027344 0.027344
0 0.580078 0.480469 0.027344 0.023438
0 0.546875 0.404297 0.015625 0.019531
1 0.031250 0.003906 0.031250 0.007812
0 0.699219 0.546875 0.015625 0.015625
0 0.804688 0.492188 0.015625 0.015625
0 0.621094 0.138672 0.039062 0.050781
0 0.609375 0.640625 0.000000 0.000000
0 0.488281 0.732422 0.031250 0.042969
0 0.228516 0.712891 0.050781 0.042969
0 0.314453 0.748047 0.066406 0.050781
0 0.925781 0.968750 0.000000 0.000000
0 0.699219 0.517578 0.046875 0.035156
0 0.910156 0.710938 0.000000 0.000000
0 0.916016 0.666016 0.160156 0.183594
0 0.035156 0.511719 0.039062 0.046875
0 0.054688 0.498047 0.023438 0.027344
0 0.117188 0.515625 0.062500 0.046875
0 0.025391 0.902344 0.050781 0.054688
0 0.785156 0.164062 0.031250 0.023438
0 0.763672 0.195312 0.027344 0.023438
0 0.794922 0.130859 0.035156 0.027344
0 0.896484 0.113281 0.035156 0.023438
0 0.925781 0.150391 0.046875 0.042969
0 0.943359 0.208984 0.050781 0.042969
0 0.705078 0.048828 0.042969 0.027344
0 0.689453 0.072266 0.035156 0.027344
0 0.654297 0.097656 0.027344 0.023438
0 0.685547 0.117188 0.035156 0.031250
0 0.710938 0.123047 0.023438 0.035156
0 0.365234 0.541016 0.035156 0.027344
0 0.207031 0.431641 0.039062 0.035156
0 0.324219 0.570312 0.054688 0.039062
0 0.152344 0.644531 0.046875 0.039062
0 0.226562 0.638672 0.031250 0.027344
0 0.023438 0.140625 0.000000 0.000000
0 0.025391 0.154297 0.042969 0.042969
0 0.011719 0.078125 0.000000 0.000000
0 0.021484 0.080078 0.027344 0.042969
0 0.015625 0.046875 0.000000 0.000000
0 0.035156 0.041016 0.062500 0.050781
0 0.468750 0.515625 0.000000 0.000000
1 0.484375 0.533203 0.085938 0.097656
1 0.656250 0.851562 0.000000 0.000000
0 0.658203 0.863281 0.035156 0.031250
0 0.554688 0.578125 0.000000 0.000000
0 0.550781 0.582031 0.015625 0.023438
