1 0.253906 0.523438 0.109375 0.109375
0 0.419922 0.156250 0.097656 0.109375
0 0.171875 0.949219 0.093750 0.101562
1 0.312500 0.921875 0.125000 0.078125
1 0.658203 0.968750 0.121094 0.062500
0 0.548828 0.513672 0.050781 0.066406
0 0.750000 0.494141 0.062500 0.050781
0 0.312500 0.970703 0.062500 0.050781
0 0.621094 0.470703 0.054688 0.058594
1 0.181641 0.390625 0.050781 0.062500
1 0.205078 0.486328 0.050781 0.058594
0 0.326172 0.673828 0.035156 0.058594
0 0.847656 0.652344 0.046875 0.046875
0 0.390625 0.714844 0.046875 0.046875
1 0.486328 0.814453 0.042969 0.042969
0 0.562500 0.486328 0.062500 0.027344
0 0.361328 0.576172 0.042969 0.035156
0 0.884766 0.626953 0.035156 0.035156
0 0.796875 0.781250 0.031250 0.031250
0 0.253906 0.294922 0.039062 0.027344
1 0.453125 0.623047 0.031250 0.027344
1 0.109375 0.687500 0.031250 0.031250
0 0.408203 0.669922 0.027344 0.027344
1 0.814453 0.814453 0.027344 0.027344
0 0.857422 0.712891 0.027344 0.027344
0 0.929688 0.441406 0.023438 0.031250
0 0.265625 0.986328 0.031250 0.027344
0 0.671875 0.515625 0.031250 0.015625
0 0.753906 0.929688 0.023438 0.023438
0 0.828125 0.496094 0.031250 0.015625
0 0.728516 0.699219 0.019531 0.023438
0 0.761719 0.517578 0.023438 0.019531
1 0.691406 0.744141 0.023438 0.019531
1 0.525391 0.992188 0.019531 0.015625
1 0.343750 0.921875 0.015625 0.015625
0 0.951172 0.207031 0.089844 0.070312
0 0.761719 0.636719 0.000000 0.000000
1 0.765625 0.626953 0.171875 0.128906
1 0.636719 0.843750 0.000000 0.000000
0 0.683594 0.791016 0.046875 0.027344
0 0.695312 0.826172 0.023438 0.027344
1 0.656250 0.875000 0.132812 0.125000
1 0.082031 0.519531 0.000000 0.000000
1 0.083984 0.595703 0.167969 0.152344
1 0.140625 0.472656 0.000000 0.000000
1 0.246094 0.601562 0.000000 0.000000
1 0.208984 0.585938 0.042969 0.023438
1 0.257812 0.625000 0.000000 0.000000
1 0.253906 0.621094 0.070312 0.070312
0 0.572266 0.392578 0.121094 0.121094
0 0.044922 0.128906 0.089844 0.156250
0 0.470703 0.281250 0.050781 0.046875
0 0.386719 0.324219 0.046875 0.039062
0 0.867188 0.363281 0.000000 0.000000
1 0.583984 0.277344 0.136719 0.109375
1 0.773438 0.269531 0.132812 0.078125
1 0.343750 0.503906 0.000000 0.000000
1 0.429688 0.437500 0.132812 0.062500
1 0.476562 0.890625 0.101562 0.070312
0 0.968750 0.798828 0.046875 0.050781
0 0.193359 0.765625 0.058594 0.046875
0 0.857422 0.978516 0.050781 0.035156
0 0.257812 0.093750 0.046875 0.062500
