1 0.638672 0.019531 0.097656 0.039062
0 0.591797 0.722656 0.058594 0.054688
0 0.587891 0.095703 0.050781 0.058594
0 0.984375 0.107422 0.031250 0.082031
0 0.603516 0.181641 0.042969 0.042969
0 0.855469 0.455078 0.039062 0.035156
0 0.923828 0.046875 0.035156 0.031250
0 0.953125 0.482422 0.031250 0.035156
0 0.095703 0.324219 0.027344 0.039062
0 0.773438 0.482422 0.039062 0.027344
0 0.953125 0.281250 0.031250 0.031250
0 0.406250 0.875000 0.031250 0.031250
0 0.703125 0.638672 0.031250 0.027344
1 0.296875 0.011719 0.031250 0.023438
0 0.263672 0.822266 0.027344 0.027344
0 0.929688 0.355469 0.031250 0.023438
0 0.921875 0.685547 0.031250 0.027344
0 0.529297 0.798828 0.027344 0.027344
0 0.898438 0.585938 0.023438 0.023438
0 0.734375 0.005859 0.031250 0.011719
0 0.910156 0.392578 0.023438 0.019531
0 0.533203 0.714844 0.019531 0.023438
0 0.875000 0.556641 0.015625 0.019531
1 0.992188 0.625000 0.015625 0.015625
0 0.572266 0.917969 0.105469 0.085938
0 0.445312 0.851562 0.000000 0.000000
0 0.441406 0.857422 0.031250 0.027344
0 0.265625 0.900391 0.039062 0.042969
0 0.113281 0.687500 0.000000 0.000000
0 0.109375 0.685547 0.039062 0.035156
0 0.390625 0.386719 0.000000 0.000000
0 0.384766 0.386719 0.035156 0.023438
0 0.546875 0.414062 0.046875 0.039062
0 0.582031 0.468750 0.000000 0.000000
0 0.582031 0.474609 0.023438 0.027344
0 0.298828 0.103516 0.058594 0.050781
0 0.398438 0.019531 0.062500 0.039062
0 0.656250 0.082031 0.000000 0.000000
0 0.660156 0.085938 0.039062 0.031250
0 0.765625 0.132812 0.000000 0.000000
0 0.775391 0.146484 0.082031 0.074219
0 0.835938 0.367188 0.000000 0.000000
0 0.804688 0.382812 0.031250 0.031250
0 0.824219 0.357422 0.031250 0.035156
0 0.894531 0.464844 0.000000 0.000000
0 0.937500 0.429688 0.062500 0.054688
0 0.796875 0.605469 0.000000 0.000000
1 0.812500 0.576172 0.085938 0.058594
1 0.173828 0.746094 0.097656 0.101562
0 0.875000 0.312500 0.000000 0.000000
0 0.873047 0.300781 0.042969 0.031250
0 0.941406 0.308594 0.000000 0.000000
0 0.941406 0.302734 0.023438 0.019531
0 0.863281 0.179688 0.000000 0.000000
0 0.974609 0.162109 0.042969 0.027344
0 0.992188 0.250000 0.000000 0.000000
0 0.984375 0.232422 0.023438 0.035156
0 0.238281 0.019531 0.000000 0.000000
0 0.236328 0.023438 0.066406 0.046875
0 0.197266 0.187500 0.058594 0.046875
0 0.117188 0.292969 0.039062 0.031250
0 0.214844 0.281250 0.046875 0.046875
0 0.435547 0.158203 0.050781 0.042969
0 0.390625 0.353516 0.039062 0.035156
0 0.511719 0.365234 0.046875 0.035156
0 0.535156 0.328125 0.046875 0.039062
0 0.531250 0.279297 0.023438 0.019531
0 0.505859 0.287109 0.027344 0.019531
0 0.570312 0.666016 0.031250 0.027344
0 0.398438 0.634766 0.046875 0.050781
0 0.652344 0.560547 0.039062 0.035156
0 0.140625 0.910156 0.000000 0.000000
0 0.134766 0.931641 0.027344 0.042969
0 0.111328 0.919922 0.019531 0.011719
0 0.156250 0.953125 0.000000 0.000000
0 0.150391 0.949219 0.027344 0.031250
0 0.359375 0.767578 0.039062 0.035156
0 0.271484 0.722656 0.050781 0.031250
0 0.835938 0.871094 0.000000 0.000000
0 0.835938 0.875000 0.023438 0.023438
0 0.839844 0.828125 0.000000 0.000000
0 0.830078 0.832031 0.027344 0.023438
