0 0.111328 0.714844 0.074219 0.070312
0 0.837891 0.064453 0.082031 0.058594
0 0.906250 0.468750 0.062500 0.062500
0 0.531250 0.242188 0.062500 0.062500
0 0.904297 0.234375 0.058594 0.062500
0 0.837891 0.541016 0.050781 0.050781
0 0.960938 0.242188 0.046875 0.054688
0 0.117188 0.734375 0.054688 0.046875
0 0.291016 0.109375 0.042969 0.046875
0 0.105469 0.656250 0.039062 0.046875
0 0.783203 0.359375 0.035156 0.031250
0 0.916016 0.492188 0.035156 0.031250
1 0.421875 0.566406 0.031250 0.031250
1 0.822266 0.566406 0.027344 0.031250
1 0.750000 0.406250 0.031250 0.031250
0 0.234375 0.611328 0.031250 0.027344
0 0.886719 0.419922 0.023438 0.035156
0 0.671875 0.888672 0.031250 0.027344
0 0.248047 0.392578 0.027344 0.027344
0 0.265625 0.064453 0.031250 0.027344
0 0.097656 0.406250 0.023438 0.031250
0 0.640625 0.417969 0.031250 0.023438
0 0.324219 0.527344 0.023438 0.023438
0 0.667969 0.433594 0.023438 0.023438
0 0.220703 0.482422 0.027344 0.027344
1 0.626953 0.548828 0.027344 0.027344
0 0.548828 0.273438 0.027344 0.023438
0 0.281250 0.353516 0.031250 0.019531
1 0.605469 0.259766 0.023438 0.019531
0 0.830078 0.392578 0.027344 0.019531
1 0.201172 0.730469 0.027344 0.015625
0 0.767578 0.005859 0.027344 0.011719
0 0.373047 0.009766 0.019531 0.019531
0 0.085938 0.593750 0.015625 0.015625
0 0.492188 0.218750 0.015625 0.015625
0 0.783203 0.882812 0.066406 0.062500
0 0.978516 0.660156 0.035156 0.062500
0 0.578125 0.148438 0.078125 0.054688
0 0.484375 0.578125 0.000000 0.000000
0 0.460938 0.484375 0.000000 0.000000
1 0.558594 0.541016 0.070312 0.082031
0 0.498047 0.537109 0.175781 0.183594
1 0.359375 0.386719 0.000000 0.000000
0 0.363281 0.380859 0.031250 0.027344
0 0.320312 0.246094 0.000000 0.000000
0 0.324219 0.269531 0.070312 0.070312
0 0.398438 0.097656 0.000000 0.000000
0 0.390625 0.099609 0.062500 0.050781
0 0.980469 0.308594 0.000000 0.000000
0 0.978516 0.310547 0.035156 0.050781
0 0.806641 0.691406 0.042969 0.039062
0 0.777344 0.812500 0.000000 0.000000
0 0.773438 0.787109 0.046875 0.050781
0 0.546875 0.808594 0.000000 0.000000
0 0.550781 0.808594 0.054688 0.046875
0 0.396484 0.837891 0.058594 0.050781
0 0.300781 0.796875 0.000000 0.000000
0 0.300781 0.791016 0.039062 0.042969
0 0.326172 0.759766 0.027344 0.035156
0 0.320312 0.027344 0.000000 0.000000
0 0.324219 0.029297 0.031250 0.027344
0 0.285156 0.044922 0.046875 0.042969
0 0.195312 0.019531 0.000000 0.000000
0 0.187500 0.015625 0.031250 0.023438
