0 0.564453 0.492188 0.074219 0.078125
0 0.855469 0.357422 0.062500 0.066406
0 0.980469 0.464844 0.039062 0.085938
0 0.765625 0.587891 0.062500 0.042969
1 0.734375 0.611328 0.078125 0.035156
0 0.937500 0.263672 0.046875 0.050781
1 0.968750 0.013672 0.062500 0.027344
0 0.906250 0.517578 0.046875 0.035156
0 0.890625 0.781250 0.031250 0.046875
0 0.816406 0.058594 0.039062 0.039062
0 0.761719 0.201172 0.039062 0.035156
0 0.792969 0.830078 0.039062 0.035156
0 0.617188 0.103516 0.039062 0.035156
0 0.578125 0.103516 0.031250 0.035156
0 0.712891 0.585938 0.050781 0.023438
0 0.953125 0.406250 0.031250 0.031250
0 0.921875 0.878906 0.031250 0.031250
0 0.611328 0.404297 0.027344 0.035156
0 0.953125 0.625000 0.031250 0.031250
0 0.843750 0.710938 0.031250 0.023438
0 0.955078 0.355469 0.027344 0.031250
0 0.515625 0.429688 0.031250 0.023438
1 0.796875 0.035156 0.031250 0.023438
0 0.640625 0.683594 0.031250 0.023438
0 0.794922 0.201172 0.027344 0.027344
1 0.160156 0.322266 0.023438 0.027344
0 0.705078 0.515625 0.019531 0.031250
0 0.589844 0.597656 0.023438 0.023438
1 0.720703 0.035156 0.027344 0.023438
0 0.486328 0.455078 0.027344 0.027344
0 0.785156 0.904297 0.023438 0.019531
0 0.580078 0.376953 0.019531 0.027344
0 0.845703 0.451172 0.027344 0.019531
1 0.931641 0.326172 0.019531 0.027344
0 0.970703 0.285156 0.019531 0.023438
0 0.814453 0.421875 0.019531 0.015625
0 0.984375 0.718750 0.015625 0.015625
0 0.994141 0.060547 0.011719 0.019531
1 0.402344 0.500000 0.000000 0.000000
0 0.400391 0.492188 0.035156 0.039062
0 0.355469 0.523438 0.000000 0.000000
0 0.341797 0.513672 0.050781 0.050781
0 0.574219 0.515625 0.000000 0.000000
0 0.648438 0.412109 0.156250 0.144531
0 0.558594 0.691406 0.000000 0.000000
0 0.568359 0.697266 0.082031 0.097656
1 0.648438 0.792969 0.000000 0.000000
0 0.667969 0.781250 0.054688 0.062500
0 0.199219 0.089844 0.000000 0.000000
0 0.285156 0.751953 0.070312 0.058594
0 0.185547 0.546875 0.269531 0.312500
0 0.914062 0.097656 0.000000 0.000000
0 0.914062 0.095703 0.031250 0.050781
0 0.664062 0.863281 0.000000 0.000000
1 0.886719 0.474609 0.023438 0.019531
1 0.515625 0.023438 0.000000 0.000000
1 0.794922 0.009766 0.050781 0.019531
1 0.875000 0.050781 0.000000 0.000000
