0 0.089844 0.343750 0.132812 0.125000
0 0.375000 0.296875 0.125000 0.093750
0 0.253906 0.119141 0.109375 0.082031
0 0.046875 0.234375 0.093750 0.093750
0 0.906250 0.244141 0.125000 0.066406
0 0.107422 0.404297 0.097656 0.082031
0 0.734375 0.343750 0.093750 0.078125
0 0.160156 0.093750 0.093750 0.062500
0 0.734375 0.019531 0.093750 0.039062
0 0.447266 0.171875 0.058594 0.062500
1 0.185547 0.025391 0.066406 0.050781
0 0.751953 0.220703 0.058594 0.058594
0 0.982422 0.048828 0.035156 0.074219
0 0.908203 0.042969 0.058594 0.046875
1 0.158203 0.107422 0.058594 0.042969
0 0.355469 0.310547 0.039062 0.050781
0 0.515625 0.947266 0.031250 0.050781
1 0.205078 0.160156 0.042969 0.039062
0 0.322266 0.273438 0.035156 0.046875
0 0.591797 0.078125 0.035156 0.046875
1 0.361328 0.242188 0.035156 0.039062
0 0.423828 0.160156 0.027344 0.046875
0 0.640625 0.044922 0.031250 0.035156
1 0.638672 0.103516 0.035156 0.027344
0 0.751953 0.029297 0.035156 0.027344
1 0.640625 0.074219 0.031250 0.031250
0 0.734375 0.183594 0.031250 0.031250
0 0.416016 0.367188 0.027344 0.023438
1 0.636719 0.125000 0.031250 0.015625
0 0.511719 0.167969 0.023438 0.023438
1 0.984375 0.005859 0.031250 0.011719
1 0.697266 0.125000 0.019531 0.015625
0 0.843750 0.251953 0.015625 0.011719
1 0.468750 0.531250 0.210938 0.187500
1 0.656250 0.480469 0.148438 0.140625
1 0.750000 0.777344 0.234375 0.296875
1 0.335938 0.699219 0.242188 0.257812
1 0.107422 0.699219 0.214844 0.171875
1 0.925781 0.687500 0.140625 0.218750
1 0.921875 0.421875 0.148438 0.093750
1 0.294922 0.373047 0.230469 0.082031
1 0.585938 0.140625 0.000000 0.000000
0 0.626953 0.205078 0.175781 0.175781
0 0.492188 0.125000 0.000000 0.000000
0 0.480469 0.126953 0.039062 0.027344
0 0.421875 0.109375 0.000000 0.000000
0 0.380859 0.142578 0.035156 0.027344
0 0.136719 0.218750 0.000000 0.000000
0 0.115234 0.166016 0.113281 0.105469
0 0.078125 0.039062 0.000000 0.000000
0 0.851562 0.074219 0.000000 0.000000
0 0.828125 0.056641 0.093750 0.113281
0 0.761719 0.281250 0.000000 0.000000
0 0.736328 0.277344 0.105469 0.062500
0 0.816406 0.359375 0.000000 0.000000
0 0.855469 0.298828 0.039062 0.042969
0 0.371094 0.917969 0.000000 0.000000
1 0.138672 0.949219 0.246094 0.093750
1 0.421875 0.917969 0.000000 0.000000
1 0.386719 0.914062 0.226562 0.125000
1 0.582031 0.964844 0.000000 0.000000
1 0.597656 0.957031 0.117188 0.078125
1 0.867188 0.980469 0.000000 0.000000
1 0.878906 0.937500 0.000000 0.000000
1 0.851562 0.947266 0.289062 0.089844
