1 0.904297 0.031250 0.128906 0.062500
0 0.576172 0.046875 0.097656 0.093750
0 0.468750 0.281250 0.062500 0.093750
1 0.843750 0.279297 0.062500 0.058594
0 0.150391 0.201172 0.058594 0.058594
0 0.103516 0.218750 0.058594 0.046875
0 0.869141 0.468750 0.050781 0.046875
0 0.062500 0.031250 0.046875 0.046875
0 0.554688 0.527344 0.046875 0.046875
0 0.460938 0.500000 0.046875 0.046875
0 0.062500 0.437500 0.031250 0.046875
0 0.406250 0.460938 0.031250 0.039062
1 0.421875 0.359375 0.031250 0.031250
0 0.234375 0.464844 0.031250 0.031250
0 0.406250 0.296875 0.031250 0.031250
1 0.984375 0.013672 0.031250 0.027344
1 0.421875 0.390625 0.046875 0.015625
1 0.859375 0.296875 0.031250 0.031250
0 0.169922 0.185547 0.027344 0.027344
0 0.281250 0.216797 0.031250 0.027344
0 0.748047 0.648438 0.027344 0.023438
1 0.437500 0.734375 0.031250 0.015625
0 0.152344 0.388672 0.023438 0.019531
0 0.203125 0.494141 0.031250 0.019531
1 0.906250 0.750000 0.000000 0.000000
0 0.888672 0.765625 0.214844 0.234375
0 0.671875 0.714844 0.109375 0.093750
0 0.867188 0.636719 0.000000 0.000000
0 0.859375 0.640625 0.046875 0.031250
1 0.781250 0.593750 0.000000 0.000000
1 0.843750 0.591797 0.203125 0.082031
1 0.718750 0.609375 0.000000 0.000000
0 0.730469 0.605469 0.031250 0.031250
0 0.701172 0.609375 0.050781 0.046875
0 0.375000 0.718750 0.062500 0.062500
0 0.218750 0.558594 0.000000 0.000000
0 0.228516 0.572266 0.050781 0.042969
0 0.468750 0.828125 0.000000 0.000000
0 0.451172 0.812500 0.058594 0.046875
0 0.464844 0.273438 0.000000 0.000000
0 0.609375 0.326172 0.062500 0.066406
0 0.515625 0.359375 0.000000 0.000000
0 0.492188 0.341797 0.062500 0.066406
0 0.367188 0.375000 0.000000 0.000000
0 0.343750 0.310547 0.187500 0.167969
0 0.232422 0.384766 0.035156 0.042969
0 0.218750 0.312500 0.000000 0.000000
0 0.210938 0.296875 0.031250 0.031250
0 0.156250 0.242188 0.000000 0.000000
0 0.171875 0.232422 0.046875 0.035156
0 0.058594 0.292969 0.000000 0.000000
0 0.062500 0.250000 0.046875 0.046875
0 0.156250 0.117188 0.062500 0.046875
1 0.187500 0.888672 0.156250 0.183594
1 0.421875 0.136719 0.000000 0.000000
0 0.406250 0.041016 0.093750 0.082031
