1 0.189453 0.683594 0.300781 0.242188
1 0.560547 0.527344 0.074219 0.132812
1 0.597656 0.447266 0.109375 0.082031
1 0.046875 0.871094 0.093750 0.085938
0 0.875000 0.453125 0.078125 0.062500
1 0.906250 0.500000 0.078125 0.062500
1 0.732422 0.625000 0.097656 0.046875
0 0.361328 0.556641 0.089844 0.050781
1 0.080078 0.572266 0.058594 0.074219
1 0.064453 0.841797 0.058594 0.042969
1 0.625000 0.591797 0.062500 0.035156
1 0.972656 0.578125 0.046875 0.046875
0 0.982422 0.533203 0.035156 0.058594
1 0.015625 0.955078 0.031250 0.058594
0 0.876953 0.671875 0.058594 0.031250
0 0.197266 0.955078 0.042969 0.035156
1 0.638672 0.595703 0.035156 0.042969
1 0.386719 0.640625 0.039062 0.031250
0 0.714844 0.578125 0.039062 0.031250
1 0.835938 0.638672 0.031250 0.035156
1 0.830078 0.779297 0.042969 0.027344
0 0.953125 0.603516 0.031250 0.035156
1 0.328125 0.937500 0.031250 0.031250
0 0.328125 0.847656 0.031250 0.031250
1 0.056641 0.830078 0.035156 0.027344
0 0.921875 0.687500 0.031250 0.031250
1 0.306641 0.878906 0.027344 0.031250
0 0.218750 0.576172 0.031250 0.027344
1 0.296875 0.923828 0.031250 0.027344
1 0.884766 0.501953 0.027344 0.027344
1 0.765625 0.798828 0.031250 0.027344
0 0.830078 0.578125 0.027344 0.031250
0 0.390625 0.955078 0.031250 0.019531
0 0.277344 0.978516 0.023438 0.019531
0 0.095703 0.544922 0.027344 0.019531
0 0.142578 0.822266 0.027344 0.019531
1 0.835938 0.626953 0.023438 0.019531
0 0.371094 0.796875 0.023438 0.015625
1 0.955078 0.500000 0.027344 0.015625
0 0.779297 0.562500 0.019531 0.015625
1 0.921875 0.625000 0.015625 0.015625
0 0.291016 0.857422 0.019531 0.011719
0 0.187500 0.617188 0.015625 0.015625
0 0.111328 0.607422 0.019531 0.003906
0 0.417969 0.882812 0.000000 0.000000
0 0.376953 0.861328 0.027344 0.027344
0 0.425781 0.878906 0.000000 0.000000
0 0.425781 0.878906 0.000000 0.000000
0 0.419922 0.869141 0.035156 0.027344
0 0.156250 0.984375 0.000000 0.000000
0 0.826172 0.837891 0.058594 0.058594
0 0.644531 0.925781 0.000000 0.000000
0 0.640625 0.910156 0.054688 0.046875
0 0.609375 0.863281 0.000000 0.000000
0 0.601562 0.851562 0.023438 0.015625
0 0.625000 0.873047 0.023438 0.019531
0 0.675781 0.828125 0.000000 0.000000
0 0.671875 0.830078 0.039062 0.035156
0 0.554688 0.640625 0.000000 0.000000
0 0.488281 0.632812 0.000000 0.000000
0 0.533203 0.658203 0.074219 0.050781
0 0.132812 0.578125 0.000000 0.000000
0 0.125000 0.572266 0.054688 0.058594
0 0.304688 0.589844 0.000000 0.000000
0 0.273438 0.535156 0.000000 0.000000
0 0.292969 0.578125 0.070312 0.078125
0 0.458984 0.962891 0.035156 0.027344
