0 0.056641 0.529297 0.113281 0.074219
0 0.500000 0.031250 0.093750 0.062500
0 0.468750 0.654297 0.078125 0.074219
0 0.148438 0.312500 0.070312 0.062500
0 0.234375 0.484375 0.078125 0.046875
0 0.402344 0.576172 0.078125 0.035156
0 0.546875 0.500000 0.062500 0.046875
0 0.419922 0.687500 0.035156 0.062500
0 0.449219 0.671875 0.054688 0.031250
0 0.589844 0.451172 0.054688 0.035156
0 0.041016 0.203125 0.035156 0.046875
1 0.375000 0.697266 0.046875 0.035156
0 0.265625 0.671875 0.046875 0.031250
0 0.687500 0.166016 0.031250 0.035156
0 0.984375 0.447266 0.031250 0.050781
1 0.546875 0.013672 0.046875 0.027344
1 0.906250 0.181641 0.031250 0.035156
0 0.781250 0.259766 0.046875 0.027344
0 0.511719 0.703125 0.039062 0.031250
0 0.966797 0.279297 0.035156 0.027344
0 0.968750 0.218750 0.031250 0.031250
0 0.765625 0.136719 0.031250 0.031250
0 0.171875 0.312500 0.031250 0.031250
1 0.390625 0.609375 0.031250 0.031250
1 0.843750 0.183594 0.031250 0.023438
0 0.197266 0.554688 0.035156 0.023438
0 0.484375 0.480469 0.031250 0.023438
0 0.169922 0.513672 0.027344 0.027344
0 0.400391 0.437500 0.027344 0.031250
0 0.343750 0.671875 0.031250 0.031250
1 0.263672 0.621094 0.027344 0.023438
0 0.453125 0.761719 0.031250 0.023438
0 0.953125 0.304688 0.031250 0.023438
0 0.011719 0.117188 0.023438 0.023438
0 0.812500 0.500000 0.031250 0.031250
0 0.148438 0.500000 0.023438 0.031250
0 0.009766 0.216797 0.019531 0.027344
0 0.792969 0.234375 0.031250 0.015625
1 0.734375 0.201172 0.015625 0.027344
0 0.171875 0.562500 0.015625 0.031250
1 0.664062 0.378906 0.000000 0.000000
1 0.933594 0.945312 0.000000 0.000000
0 0.064453 0.449219 0.082031 0.078125
0 0.078125 0.531250 0.000000 0.000000
1 0.343750 0.492188 0.070312 0.054688
1 0.609375 0.548828 0.062500 0.050781
1 0.289062 0.316406 0.000000 0.000000
0 0.318359 0.332031 0.050781 0.046875
0 0.203125 0.414062 0.000000 0.000000
0 0.144531 0.667969 0.046875 0.039062
0 0.121094 0.187500 0.000000 0.000000
1 0.119141 0.175781 0.097656 0.062500
1 0.886719 0.859375 0.000000 0.000000
1 0.880859 0.916016 0.230469 0.152344
1 0.898438 0.550781 0.000000 0.000000
0 0.894531 0.562500 0.031250 0.023438
