0 0.812500 0.222656 0.187500 0.101562
1 0.515625 0.078125 0.093750 0.125000
0 0.041016 0.087891 0.082031 0.121094
0 0.455078 0.080078 0.089844 0.074219
0 0.486328 0.025391 0.097656 0.050781
0 0.750000 0.125000 0.062500 0.062500
1 0.886719 0.267578 0.085938 0.035156
0 0.367188 0.078125 0.093750 0.031250
0 0.031250 0.308594 0.062500 0.046875
0 0.650391 0.140625 0.058594 0.046875
0 0.736328 0.228516 0.050781 0.050781
1 0.701172 0.179688 0.042969 0.046875
1 0.015625 0.265625 0.031250 0.062500
0 0.369141 0.042969 0.058594 0.031250
1 0.201172 0.111328 0.035156 0.042969
0 0.085938 0.343750 0.046875 0.031250
1 0.048828 0.250000 0.042969 0.031250
0 0.984375 0.343750 0.031250 0.031250
1 0.359375 0.056641 0.031250 0.027344
0 0.556641 0.171875 0.027344 0.031250
1 0.541016 0.154297 0.019531 0.019531
0 0.300781 0.746094 0.000000 0.000000
1 0.318359 0.759766 0.183594 0.277344
1 0.791016 0.873047 0.410156 0.246094
1 0.503906 0.240234 0.171875 0.113281
1 0.496094 0.378906 0.187500 0.132812
1 0.744141 0.585938 0.503906 0.218750
1 0.437500 0.568359 0.195312 0.152344
1 0.121094 0.660156 0.195312 0.125000
1 0.134766 0.876953 0.199219 0.121094
1 0.296875 0.941406 0.000000 0.000000
1 0.441406 0.886719 0.406250 0.210938
1 0.636719 0.226562 0.000000 0.000000
1 0.691406 0.361328 0.179688 0.222656
1 0.845703 0.365234 0.128906 0.105469
1 0.152344 0.476562 0.000000 0.000000
1 0.199219 0.441406 0.187500 0.132812
1 0.089844 0.429688 0.000000 0.000000
1 0.078125 0.460938 0.000000 0.000000
0 0.263672 0.369141 0.058594 0.058594
0 0.058594 0.367188 0.000000 0.000000
1 0.140625 0.201172 0.156250 0.105469
1 0.328125 0.181641 0.203125 0.191406
1 0.316406 0.070312 0.000000 0.000000
1 0.257812 0.056641 0.140625 0.113281
1 0.853516 0.085938 0.285156 0.171875
