0 0.390625 0.232422 0.078125 0.089844
0 0.533203 0.701172 0.074219 0.082031
0 0.085938 0.625000 0.054688 0.062500
0 0.822266 0.576172 0.050781 0.058594
0 0.728516 0.699219 0.050781 0.054688
0 0.607422 0.828125 0.042969 0.046875
0 0.652344 0.843750 0.054688 0.031250
0 0.654297 0.060547 0.042969 0.042969
0 0.697266 0.533203 0.042969 0.035156
0 0.355469 0.591797 0.039062 0.035156
0 0.236328 0.126953 0.035156 0.035156
0 0.560547 0.822266 0.035156 0.042969
0 0.656250 0.875000 0.046875 0.031250
0 0.542969 0.970703 0.039062 0.035156
0 0.392578 0.937500 0.035156 0.031250
0 0.652344 0.310547 0.031250 0.035156
0 0.775391 0.078125 0.042969 0.031250
0 0.906250 0.072266 0.031250 0.035156
0 0.578125 0.763672 0.031250 0.035156
0 0.472656 0.751953 0.031250 0.035156
0 0.453125 0.605469 0.031250 0.031250
0 0.421875 0.837891 0.031250 0.027344
0 0.828125 0.494141 0.031250 0.027344
0 0.210938 0.640625 0.031250 0.031250
0 0.640625 0.734375 0.031250 0.031250
0 0.888672 0.029297 0.027344 0.027344
0 0.775391 0.041016 0.027344 0.027344
0 0.140625 0.750000 0.031250 0.031250
0 0.265625 0.585938 0.031250 0.023438
0 0.492188 0.828125 0.023438 0.031250
0 0.591797 0.855469 0.027344 0.023438
0 0.921875 0.242188 0.031250 0.023438
0 0.796875 0.835938 0.031250 0.023438
0 0.533203 0.839844 0.027344 0.023438
0 0.015625 0.900391 0.031250 0.019531
0 0.628906 0.544922 0.023438 0.019531
0 0.480469 0.607422 0.023438 0.019531
0 0.330078 0.923828 0.019531 0.019531
0 0.003906 0.775391 0.007812 0.019531
0 0.859375 0.644531 0.000000 0.000000
0 0.865234 0.634766 0.019531 0.027344
0 0.820312 0.625000 0.000000 0.000000
0 0.833984 0.630859 0.027344 0.035156
0 0.980469 0.410156 0.000000 0.000000
0 0.958984 0.419922 0.074219 0.082031
0 0.582031 0.566406 0.000000 0.000000
0 0.574219 0.566406 0.000000 0.000000
0 0.570312 0.564453 0.031250 0.019531
0 0.460938 0.636719 0.000000 0.000000
0 0.457031 0.634766 0.031250 0.027344
0 0.472656 0.648438 0.000000 0.000000
0 0.156250 0.841797 0.039062 0.027344
0 0.054688 0.933594 0.000000 0.000000
0 0.046875 0.937500 0.000000 0.000000
0 0.046875 0.935547 0.031250 0.035156
0 0.076172 0.964844 0.035156 0.023438
0 0.003906 0.742188 0.000000 0.000000
0 0.015625 0.714844 0.000000 0.000000
0 0.021484 0.707031 0.035156 0.039062
0 0.007812 0.671875 0.000000 0.000000
0 0.146484 0.568359 0.035156 0.035156
0 0.277344 0.382812 0.000000 0.000000
0 0.285156 0.380859 0.054688 0.066406
0 0.609375 0.007812 0.000000 0.000000
0 0.628906 0.015625 0.054688 0.031250
0 0.800781 0.050781 0.000000 0.000000
0 0.798828 0.052734 0.019531 0.019531
0 0.917969 0.003906 0.000000 0.000000
0 0.921875 0.011719 0.031250 0.023438
0 0.542969 0.910156 0.000000 0.000000
0 0.505859 0.914062 0.027344 0.023438
0 0.539062 0.916016 0.023438 0.019531
0 0.542969 0.939453 0.039062 0.027344
0 0.027344 0.824219 0.000000 0.000000
0 0.724609 0.210938 0.042969 0.039062
0 0.140625 0.246094 0.000000 0.000000
0 0.136719 0.251953 0.078125 0.058594
