0 0.875000 0.906250 0.125000 0.125000
0 0.748047 0.953125 0.105469 0.093750
1 0.966797 0.917969 0.066406 0.085938
0 0.917969 0.619141 0.062500 0.089844
0 0.748047 0.404297 0.074219 0.074219
0 0.949219 0.968750 0.085938 0.062500
0 0.968750 0.669922 0.062500 0.082031
0 0.732422 0.906250 0.066406 0.062500
0 0.796875 0.275391 0.078125 0.058594
0 0.623047 0.529297 0.066406 0.066406
0 0.765625 0.980469 0.093750 0.039062
0 0.642578 0.734375 0.058594 0.062500
0 0.847656 0.404297 0.046875 0.066406
1 0.837891 0.955078 0.050781 0.050781
0 0.640625 0.972656 0.046875 0.046875
0 0.904297 0.650391 0.035156 0.050781
0 0.609375 0.673828 0.046875 0.042969
0 0.900391 0.310547 0.042969 0.035156
1 0.953125 0.917969 0.031250 0.046875
0 0.691406 0.484375 0.046875 0.031250
1 0.689453 0.984375 0.058594 0.031250
1 0.982422 0.951172 0.035156 0.035156
1 0.941406 0.716797 0.039062 0.035156
0 0.830078 0.480469 0.042969 0.031250
1 0.638672 0.753906 0.042969 0.031250
0 0.855469 0.513672 0.039062 0.027344
0 0.734375 0.511719 0.031250 0.031250
0 0.871094 0.296875 0.031250 0.031250
0 0.968750 0.347656 0.031250 0.031250
0 0.763672 0.861328 0.035156 0.027344
1 0.859375 0.968750 0.031250 0.031250
0 0.423828 0.294922 0.035156 0.027344
1 0.673828 0.408203 0.035156 0.027344
1 0.640625 0.480469 0.031250 0.023438
1 0.873047 0.455078 0.035156 0.019531
0 0.792969 0.480469 0.023438 0.023438
1 0.779297 0.498047 0.027344 0.019531
0 0.697266 0.277344 0.019531 0.023438
0 0.853516 0.541016 0.019531 0.019531
1 0.986328 0.609375 0.019531 0.015625
0 0.626953 0.714844 0.019531 0.015625
1 0.812500 0.609375 0.015625 0.015625
1 0.972656 0.671875 0.015625 0.015625
0 0.605469 0.867188 0.000000 0.000000
1 0.630859 0.892578 0.089844 0.097656
1 0.242188 0.140625 0.000000 0.000000
1 0.242188 0.140625 0.000000 0.000000
0 0.228516 0.138672 0.058594 0.066406
