0 0.650391 0.080078 0.066406 0.066406
0 0.587891 0.544922 0.050781 0.066406
0 0.904297 0.435547 0.042969 0.050781
0 0.542969 0.035156 0.039062 0.046875
0 0.031250 0.042969 0.046875 0.039062
0 0.080078 0.773438 0.042969 0.039062
0 0.886719 0.869141 0.031250 0.035156
0 0.371094 0.076172 0.039062 0.027344
0 0.125000 0.527344 0.031250 0.031250
0 0.378906 0.968750 0.031250 0.031250
0 0.984375 0.822266 0.031250 0.035156
0 0.855469 0.888672 0.031250 0.027344
0 0.265625 0.029297 0.031250 0.027344
0 0.679688 0.732422 0.031250 0.027344
0 0.697266 0.523438 0.035156 0.023438
0 0.626953 0.546875 0.027344 0.031250
0 0.126953 0.720703 0.027344 0.027344
0 0.578125 0.048828 0.031250 0.027344
0 0.710938 0.722656 0.023438 0.031250
0 0.267578 0.431641 0.027344 0.027344
0 0.406250 0.535156 0.031250 0.023438
0 0.515625 0.527344 0.031250 0.023438
1 0.406250 0.009766 0.031250 0.019531
0 0.898438 0.191406 0.023438 0.023438
0 0.873047 0.392578 0.027344 0.019531
0 0.595703 0.453125 0.027344 0.015625
0 0.611328 0.478516 0.027344 0.019531
0 0.992188 0.525391 0.015625 0.027344
1 0.525391 0.992188 0.027344 0.015625
0 0.982422 0.248047 0.019531 0.019531
0 0.533203 0.435547 0.019531 0.019531
0 0.761719 0.515625 0.023438 0.015625
0 0.984375 0.501953 0.031250 0.011719
0 0.728516 0.503906 0.019531 0.015625
1 0.857422 0.994141 0.027344 0.011719
1 0.582031 0.375000 0.000000 0.000000
0 0.613281 0.394531 0.000000 0.000000
0 0.595703 0.371094 0.042969 0.039062
0 0.550781 0.378906 0.000000 0.000000
0 0.550781 0.373047 0.031250 0.027344
0 0.732422 0.291016 0.082031 0.105469
0 0.312500 0.382812 0.000000 0.000000
0 0.248047 0.371094 0.035156 0.039062
1 0.175781 0.000000 0.000000 0.000000
1 0.248047 0.005859 0.058594 0.011719
1 0.015625 0.988281 0.000000 0.000000
1 0.042969 0.984375 0.000000 0.000000
0 0.050781 0.974609 0.101562 0.042969
0 0.902344 0.476562 0.000000 0.000000
0 0.902344 0.482422 0.054688 0.035156
0 0.492188 0.570312 0.000000 0.000000
0 0.478516 0.582031 0.050781 0.031250
0 0.437500 0.722656 0.000000 0.000000
0 0.472656 0.720703 0.046875 0.035156
0 0.425781 0.720703 0.031250 0.027344
0 0.363281 0.689453 0.039062 0.050781
0 0.531250 0.589844 0.000000 0.000000
0 0.529297 0.576172 0.042969 0.050781
0 0.753906 0.425781 0.000000 0.000000
0 0.765625 0.429688 0.078125 0.046875
0 0.203125 0.839844 0.000000 0.000000
0 0.205078 0.835938 0.058594 0.039062
0 0.953125 0.933594 0.000000 0.000000
0 0.964844 0.937500 0.000000 0.000000
0 0.953125 0.927734 0.031250 0.027344
0 0.863281 0.132812 0.000000 0.000000
0 0.845703 0.167969 0.042969 0.054688
0 0.779297 0.140625 0.058594 0.054688
0 0.021484 0.488281 0.042969 0.046875
