1 0.392578 0.498047 0.121094 0.074219
0 0.171875 0.386719 0.093750 0.070312
0 0.187500 0.439453 0.062500 0.089844
1 0.718750 0.941406 0.062500 0.078125
0 0.031250 0.343750 0.062500 0.062500
0 0.324219 0.275391 0.070312 0.050781
1 0.419922 0.496094 0.058594 0.054688
0 0.029297 0.697266 0.058594 0.050781
0 0.035156 0.876953 0.054688 0.050781
0 0.498047 0.111328 0.042969 0.058594
0 0.656250 0.861328 0.062500 0.035156
1 0.015625 0.283203 0.031250 0.066406
0 0.376953 0.982422 0.058594 0.035156
0 0.748047 0.781250 0.042969 0.046875
0 0.103516 0.388672 0.042969 0.042969
1 0.326172 0.949219 0.035156 0.046875
0 0.314453 0.500000 0.058594 0.031250
0 0.267578 0.265625 0.050781 0.031250
0 0.841797 0.830078 0.035156 0.035156
0 0.933594 0.367188 0.046875 0.023438
1 0.906250 0.640625 0.031250 0.031250
0 0.066406 0.437500 0.031250 0.031250
1 0.009766 0.406250 0.019531 0.046875
0 0.933594 0.339844 0.039062 0.023438
0 0.136719 0.421875 0.031250 0.031250
0 0.171875 0.244141 0.031250 0.027344
0 0.439453 0.087891 0.027344 0.027344
1 0.416016 0.916016 0.027344 0.027344
1 0.009766 0.671875 0.019531 0.031250
0 0.029297 0.417969 0.027344 0.023438
1 0.009766 0.371094 0.019531 0.031250
1 0.361328 0.919922 0.019531 0.027344
0 0.326172 0.103516 0.027344 0.019531
1 0.142578 0.371094 0.027344 0.015625
0 0.392578 0.230469 0.019531 0.015625
0 0.593750 0.873047 0.015625 0.027344
0 0.488281 0.910156 0.000000 0.000000
1 0.488281 0.884766 0.117188 0.105469
1 0.316406 0.882812 0.000000 0.000000
1 0.289062 0.873047 0.148438 0.074219
1 0.099609 0.558594 0.199219 0.171875
1 0.742188 0.341797 0.320312 0.355469
1 0.908203 0.494141 0.160156 0.238281
1 0.539062 0.542969 0.312500 0.421875
1 0.322266 0.675781 0.191406 0.273438
1 0.169922 0.757812 0.183594 0.187500
1 0.187500 0.964844 0.171875 0.062500
1 0.296875 0.980469 0.000000 0.000000
1 0.642578 0.958984 0.105469 0.074219
1 0.865234 0.917969 0.261719 0.156250
0 0.164062 0.152344 0.093750 0.070312
0 0.111328 0.261719 0.066406 0.054688
0 0.294922 0.150391 0.058594 0.042969
1 0.406250 0.107422 0.054688 0.058594
0 0.714844 0.089844 0.000000 0.000000
0 0.697266 0.058594 0.082031 0.062500
0 0.929688 0.105469 0.078125 0.062500
0 0.796875 0.125000 0.000000 0.000000
0 0.767578 0.152344 0.050781 0.031250
1 0.523438 0.304688 0.078125 0.031250
1 0.457031 0.320312 0.000000 0.000000
1 0.304688 0.378906 0.140625 0.125000
1 0.859375 0.734375 0.000000 0.000000
0 0.882812 0.716797 0.031250 0.027344
0 0.859375 0.732422 0.031250 0.027344
1 0.871094 0.695312 0.093750 0.039062
