1 0.794922 0.736328 0.082031 0.058594
1 0.906250 0.750000 0.062500 0.046875
1 0.328125 0.298828 0.031250 0.058594
1 0.406250 0.322266 0.062500 0.027344
0 0.736328 0.683594 0.035156 0.039062
0 0.765625 0.531250 0.031250 0.031250
0 0.591797 0.765625 0.035156 0.031250
1 0.015625 0.642578 0.031250 0.035156
0 0.125000 0.689453 0.031250 0.035156
0 0.906250 0.517578 0.031250 0.035156
1 0.359375 0.292969 0.031250 0.031250
1 0.390625 0.982422 0.031250 0.035156
1 0.031250 0.390625 0.031250 0.031250
0 0.798828 0.339844 0.027344 0.031250
1 0.982422 0.980469 0.027344 0.031250
0 0.404297 0.437500 0.027344 0.031250
1 0.390625 0.376953 0.031250 0.027344
0 0.220703 0.955078 0.027344 0.027344
1 0.861328 0.431641 0.027344 0.027344
0 0.410156 0.417969 0.031250 0.023438
0 0.314453 0.210938 0.027344 0.023438
1 0.250000 0.824219 0.031250 0.023438
0 0.628906 0.259766 0.023438 0.027344
1 0.095703 0.435547 0.027344 0.027344
1 0.746094 0.359375 0.023438 0.031250
1 0.205078 0.853516 0.027344 0.027344
1 0.453125 0.212891 0.031250 0.019531
1 0.455078 0.314453 0.027344 0.027344
0 0.105469 0.451172 0.023438 0.027344
0 0.826172 0.523438 0.027344 0.023438
1 0.142578 0.949219 0.027344 0.023438
0 0.423828 0.345703 0.027344 0.027344
1 0.134766 0.810547 0.019531 0.027344
0 0.416016 0.376953 0.019531 0.027344
1 0.009766 0.406250 0.019531 0.031250
1 0.279297 0.732422 0.027344 0.019531
0 0.353516 0.236328 0.019531 0.027344
1 0.031250 0.720703 0.015625 0.019531
0 0.111328 0.482422 0.019531 0.019531
0 0.009766 0.455078 0.019531 0.019531
0 0.416016 0.230469 0.019531 0.015625
0 0.156250 0.791016 0.015625 0.011719
0 0.750000 0.718750 0.015625 0.015625
0 0.539062 0.296875 0.101562 0.078125
0 0.539062 0.203125 0.000000 0.000000
1 0.589844 0.210938 0.000000 0.000000
0 0.570312 0.214844 0.085938 0.078125
0 0.546875 0.644531 0.000000 0.000000
0 0.552734 0.652344 0.042969 0.054688
0 0.623047 0.640625 0.042969 0.039062
0 0.781250 0.675781 0.046875 0.046875
0 0.828125 0.785156 0.000000 0.000000
0 0.871094 0.906250 0.000000 0.000000
0 0.855469 0.867188 0.000000 0.000000
0 0.837891 0.876953 0.066406 0.066406
0 0.279297 0.806641 0.058594 0.050781
0 0.046875 0.792969 0.000000 0.000000
0 0.046875 0.792969 0.000000 0.000000
0 0.041016 0.787109 0.035156 0.027344
0 0.087891 0.529297 0.066406 0.058594
0 0.273438 0.511719 0.000000 0.000000
0 0.269531 0.496094 0.054688 0.054688
0 0.400391 0.541016 0.066406 0.050781
0 0.468750 0.386719 0.000000 0.000000
0 0.492188 0.386719 0.054688 0.070312
1 0.179688 0.261719 0.000000 0.000000
1 0.146484 0.273438 0.136719 0.070312
1 0.273438 0.347656 0.000000 0.000000
0 0.246094 0.347656 0.000000 0.000000
0 0.281250 0.375000 0.109375 0.085938
0 0.265625 0.308594 0.000000 0.000000
0 0.269531 0.308594 0.000000 0.000000
0 0.271484 0.306641 0.066406 0.035156
0 0.847656 0.136719 0.000000 0.000000
0 0.847656 0.128906 0.000000 0.000000
0 0.863281 0.140625 0.031250 0.039062
0 0.894531 0.208984 0.023438 0.035156
0 0.921875 0.216797 0.015625 0.019531
0 0.917969 0.265625 0.000000 0.000000
0 0.914062 0.269531 0.039062 0.031250
0 0.753906 0.244141 0.031250 0.027344
0 0.736328 0.500000 0.042969 0.046875
0 0.558594 0.515625 0.000000 0.000000
0 0.550781 0.519531 0.000000 0.000000
0 0.546875 0.513672 0.062500 0.058594
