0 0.441406 0.748047 0.078125 0.066406
0 0.375000 0.500000 0.062500 0.070312
0 0.328125 0.183594 0.078125 0.039062
0 0.783203 0.933594 0.050781 0.054688
0 0.869141 0.341797 0.050781 0.058594
0 0.253906 0.763672 0.062500 0.042969
0 0.642578 0.388672 0.058594 0.042969
0 0.953125 0.564453 0.046875 0.042969
1 0.275391 0.607422 0.050781 0.035156
0 0.783203 0.296875 0.050781 0.031250
0 0.753906 0.033203 0.046875 0.035156
1 0.117188 0.609375 0.046875 0.031250
0 0.419922 0.296875 0.050781 0.031250
0 0.964844 0.212891 0.039062 0.035156
0 0.910156 0.138672 0.039062 0.035156
1 0.236328 0.640625 0.042969 0.031250
0 0.984375 0.828125 0.031250 0.046875
0 0.453125 0.921875 0.031250 0.031250
0 0.388672 0.078125 0.035156 0.031250
0 0.673828 0.212891 0.035156 0.027344
0 0.322266 0.455078 0.035156 0.027344
1 0.281250 0.525391 0.031250 0.027344
1 0.042969 0.810547 0.031250 0.027344
0 0.197266 0.609375 0.027344 0.031250
0 0.812500 0.033203 0.031250 0.027344
0 0.416016 0.136719 0.027344 0.031250
0 0.861328 0.267578 0.027344 0.027344
0 0.265625 0.617188 0.031250 0.023438
0 0.242188 0.472656 0.031250 0.023438
0 0.941406 0.845703 0.023438 0.027344
0 0.298828 0.189453 0.027344 0.027344
0 0.527344 0.824219 0.023438 0.023438
0 0.804688 0.371094 0.031250 0.015625
1 0.966797 0.544922 0.027344 0.019531
0 0.871094 0.853516 0.023438 0.019531
0 0.189453 0.986328 0.027344 0.019531
0 0.748047 0.892578 0.027344 0.019531
0 0.839844 0.935547 0.023438 0.019531
0 0.970703 0.259766 0.027344 0.019531
0 0.464844 0.384766 0.023438 0.019531
0 0.955078 0.589844 0.019531 0.023438
1 0.306641 0.523438 0.019531 0.023438
0 0.353516 0.656250 0.027344 0.015625
0 0.142578 0.529297 0.019531 0.019531
1 0.324219 0.542969 0.023438 0.015625
0 0.376953 0.671875 0.027344 0.015625
0 0.808594 0.480469 0.085938 0.093750
0 0.509766 0.125000 0.042969 0.039062
0 0.894531 0.074219 0.000000 0.000000
0 0.980469 0.480469 0.031250 0.039062
0 0.421875 0.437500 0.000000 0.000000
0 0.412109 0.421875 0.058594 0.046875
0 0.164062 0.447266 0.054688 0.058594
0 0.648438 0.757812 0.000000 0.000000
0 0.638672 0.757812 0.042969 0.046875
1 0.572266 0.791016 0.066406 0.050781
1 0.894531 0.757812 0.000000 0.000000
0 0.875000 0.724609 0.046875 0.042969
1 0.884766 0.761719 0.089844 0.062500
1 0.187500 0.796875 0.125000 0.125000
1 0.160156 0.003906 0.000000 0.000000
0 0.279297 0.013672 0.035156 0.027344
1 0.205078 0.070312 0.191406 0.132812
1 0.070312 0.980469 0.000000 0.000000
1 0.093750 0.898438 0.000000 0.000000
1 0.070312 0.925781 0.000000 0.000000
1 0.068359 0.908203 0.136719 0.144531
