0 0.060547 0.931641 0.121094 0.136719
1 0.142578 0.966797 0.089844 0.066406
0 0.337891 0.542969 0.074219 0.054688
0 0.205078 0.955078 0.058594 0.058594
0 0.378906 0.455078 0.046875 0.058594
0 0.292969 0.355469 0.046875 0.054688
0 0.158203 0.931641 0.058594 0.042969
0 0.451172 0.527344 0.058594 0.039062
0 0.408203 0.542969 0.058594 0.039062
1 0.015625 0.589844 0.031250 0.054688
0 0.214844 0.886719 0.054688 0.031250
0 0.291016 0.500000 0.042969 0.039062
0 0.093750 0.748047 0.046875 0.035156
1 0.328125 0.609375 0.046875 0.031250
1 0.111328 0.810547 0.035156 0.035156
0 0.033203 0.652344 0.035156 0.039062
1 0.298828 0.681641 0.058594 0.027344
1 0.218750 0.980469 0.031250 0.039062
1 0.076172 0.636719 0.042969 0.031250
1 0.015625 0.541016 0.031250 0.035156
0 0.384766 0.378906 0.035156 0.031250
0 0.126953 0.732422 0.035156 0.027344
0 0.294922 0.705078 0.035156 0.027344
0 0.263672 0.812500 0.035156 0.015625
1 0.314453 0.828125 0.035156 0.015625
0 0.359375 0.761719 0.031250 0.023438
1 0.203125 0.837891 0.031250 0.019531
0 0.259766 0.892578 0.027344 0.019531
1 0.326172 0.486328 0.027344 0.019531
1 0.005859 0.794922 0.011719 0.027344
1 0.388672 0.812500 0.027344 0.015625
0 0.042969 0.734375 0.031250 0.015625
0 0.031250 0.781250 0.015625 0.015625
0 0.679688 0.328125 0.000000 0.000000
0 0.683594 0.316406 0.000000 0.000000
0 0.669922 0.318359 0.042969 0.042969
0 0.093750 0.273438 0.000000 0.000000
0 0.066406 0.285156 0.000000 0.000000
0 0.117188 0.250000 0.000000 0.000000
0 0.099609 0.251953 0.066406 0.074219
0 0.640625 0.113281 0.031250 0.039062
0 0.226562 0.500000 0.000000 0.000000
0 0.169922 0.728516 0.035156 0.035156
0 0.255859 0.775391 0.019531 0.019531
1 0.205078 0.748047 0.035156 0.027344
1 0.158203 0.804688 0.042969 0.039062
0 0.312500 0.796875 0.031250 0.023438
1 0.351562 0.894531 0.000000 0.000000
1 0.341797 0.847656 0.042969 0.039062
1 0.294922 0.894531 0.042969 0.031250
1 0.140625 0.603516 0.046875 0.066406
0 0.199219 0.527344 0.000000 0.000000
0 0.214844 0.507812 0.054688 0.054688
