1 0.937500 0.357422 0.125000 0.136719
0 0.484375 0.392578 0.093750 0.089844
0 0.562500 0.595703 0.062500 0.066406
1 0.085938 0.916016 0.078125 0.050781
1 0.330078 0.357422 0.082031 0.035156
1 0.375000 0.390625 0.062500 0.046875
1 0.871094 0.503906 0.062500 0.046875
1 0.375000 0.609375 0.062500 0.046875
1 0.781250 0.531250 0.062500 0.046875
1 0.357422 0.689453 0.050781 0.058594
1 0.017578 0.347656 0.035156 0.062500
0 0.720703 0.638672 0.058594 0.035156
1 0.308594 0.376953 0.062500 0.035156
1 0.353516 0.642578 0.042969 0.042969
1 0.871094 0.533203 0.039062 0.035156
1 0.484375 0.533203 0.031250 0.042969
0 0.855469 0.703125 0.039062 0.031250
0 0.203125 0.642578 0.031250 0.035156
1 0.234375 0.371094 0.031250 0.039062
1 0.453125 0.783203 0.031250 0.035156
1 0.984375 0.640625 0.031250 0.031250
1 0.826172 0.523438 0.027344 0.031250
0 0.933594 0.609375 0.031250 0.031250
1 0.671875 0.859375 0.031250 0.031250
1 0.587891 0.441406 0.035156 0.023438
0 0.859375 0.564453 0.031250 0.027344
1 0.935547 0.484375 0.027344 0.031250
0 0.689453 0.486328 0.027344 0.027344
1 0.263672 0.654297 0.027344 0.027344
1 0.671875 0.886719 0.031250 0.023438
0 0.392578 0.578125 0.019531 0.031250
1 0.953125 0.556641 0.031250 0.019531
0 0.253906 0.681641 0.031250 0.019531
1 0.322266 0.673828 0.019531 0.027344
0 0.048828 0.462891 0.027344 0.019531
0 0.005859 0.460938 0.011719 0.015625
0 0.994141 0.732422 0.011719 0.019531
1 0.671875 0.535156 0.000000 0.000000
0 0.695312 0.533203 0.070312 0.074219
0 0.625000 0.558594 0.000000 0.000000
0 0.609375 0.519531 0.000000 0.000000
0 0.609375 0.507812 0.132812 0.078125
0 0.589844 0.640625 0.000000 0.000000
0 0.691406 0.681641 0.054688 0.050781
0 0.656250 0.625000 0.000000 0.000000
0 0.658203 0.632812 0.042969 0.031250
0 0.816406 0.660156 0.000000 0.000000
0 0.857422 0.652344 0.105469 0.070312
0 0.921875 0.820312 0.000000 0.000000
0 0.957031 0.738281 0.000000 0.000000
0 0.970703 0.748047 0.042969 0.035156
0 0.980469 0.781250 0.023438 0.031250
0 0.939453 0.814453 0.089844 0.089844
0 0.271484 0.929688 0.042969 0.046875
0 0.109375 0.789062 0.000000 0.000000
0 0.105469 0.800781 0.000000 0.000000
0 0.101562 0.796875 0.039062 0.039062
0 0.074219 0.980469 0.000000 0.000000
0 0.072266 0.976562 0.050781 0.039062
0 0.189453 0.494141 0.042969 0.035156
0 0.111328 0.585938 0.042969 0.039062
0 0.062500 0.519531 0.000000 0.000000
0 0.039062 0.560547 0.078125 0.082031
0 0.042969 0.773438 0.000000 0.000000
0 0.027344 0.767578 0.054688 0.050781
0 0.402344 0.519531 0.000000 0.000000
0 0.400391 0.472656 0.089844 0.093750
0 0.316406 0.476562 0.000000 0.000000
0 0.326172 0.498047 0.042969 0.042969
0 0.328125 0.445312 0.000000 0.000000
0 0.314453 0.421875 0.050781 0.046875
0 0.753906 0.972656 0.000000 0.000000
0 0.556641 0.908203 0.035156 0.035156
