0 0.585938 0.273438 0.085938 0.085938
0 0.093750 0.033203 0.062500 0.066406
0 0.337891 0.541016 0.050781 0.050781
0 0.248047 0.267578 0.050781 0.050781
0 0.369141 0.759766 0.082031 0.027344
0 0.527344 0.566406 0.046875 0.046875
0 0.822266 0.685547 0.042969 0.042969
0 0.498047 0.048828 0.042969 0.035156
0 0.503906 0.261719 0.039062 0.039062
0 0.173828 0.972656 0.035156 0.031250
1 0.873047 0.748047 0.035156 0.027344
0 0.939453 0.794922 0.035156 0.027344
0 0.636719 0.421875 0.031250 0.031250
0 0.242188 0.496094 0.031250 0.031250
0 0.359375 0.359375 0.031250 0.031250
0 0.308594 0.765625 0.031250 0.031250
0 0.812500 0.371094 0.031250 0.031250
0 0.937500 0.705078 0.031250 0.027344
1 0.251953 0.310547 0.035156 0.019531
0 0.406250 0.626953 0.031250 0.027344
0 0.419922 0.666016 0.027344 0.027344
0 0.658203 0.279297 0.027344 0.027344
0 0.343750 0.326172 0.031250 0.027344
0 0.279297 0.642578 0.027344 0.027344
0 0.455078 0.765625 0.027344 0.031250
0 0.648438 0.054688 0.023438 0.031250
0 0.482422 0.623047 0.027344 0.027344
0 0.216797 0.417969 0.027344 0.023438
0 0.902344 0.712891 0.023438 0.027344
0 0.017578 0.955078 0.027344 0.027344
0 0.699219 0.667969 0.023438 0.023438
0 0.812500 0.775391 0.031250 0.019531
0 0.353516 0.091797 0.027344 0.019531
0 0.087891 0.984375 0.027344 0.015625
1 0.511719 0.009766 0.023438 0.019531
0 0.376953 0.220703 0.027344 0.019531
1 0.972656 0.839844 0.023438 0.015625
1 0.417969 0.046875 0.023438 0.015625
0 0.353516 0.378906 0.019531 0.015625
1 0.482422 0.003906 0.027344 0.007812
0 0.531250 0.671875 0.015625 0.015625
0 0.980469 0.281250 0.000000 0.000000
0 0.976562 0.267578 0.039062 0.097656
0 0.085938 0.496094 0.000000 0.000000
0 0.097656 0.513672 0.062500 0.050781
0 0.037109 0.486328 0.035156 0.027344
0 0.316406 0.730469 0.000000 0.000000
0 0.314453 0.728516 0.035156 0.027344
0 0.339844 0.701172 0.101562 0.082031
0 0.681641 0.804688 0.042969 0.054688
0 0.386719 0.957031 0.046875 0.046875
0 0.539062 0.109375 0.000000 0.000000
0 0.546875 0.138672 0.070312 0.058594
0 0.746094 0.285156 0.000000 0.000000
0 0.746094 0.273438 0.046875 0.039062
0 0.730469 0.445312 0.000000 0.000000
0 0.720703 0.447266 0.035156 0.027344
0 0.359375 0.269531 0.000000 0.000000
0 0.371094 0.259766 0.046875 0.035156
0 0.289062 0.460938 0.000000 0.000000
0 0.292969 0.460938 0.031250 0.023438
0 0.312500 0.503906 0.000000 0.000000
0 0.310547 0.498047 0.035156 0.027344
0 0.367188 0.490234 0.046875 0.035156
0 0.513672 0.900391 0.035156 0.027344
0 0.515625 0.945312 0.039062 0.023438
0 0.535156 0.917969 0.023438 0.039062
0 0.154297 0.798828 0.042969 0.035156
0 0.894531 0.003906 0.000000 0.000000
0 0.886719 0.011719 0.062500 0.023438
0 0.421875 0.007812 0.000000 0.000000
0 0.410156 0.009766 0.039062 0.019531
0 0.261719 0.597656 0.000000 0.000000
0 0.736328 0.550781 0.027344 0.031250
0 0.273438 0.607422 0.039062 0.027344
0 0.029297 0.794922 0.050781 0.042969
