0 0.845703 0.953125 0.089844 0.093750
0 0.466797 0.097656 0.058594 0.054688
0 0.978516 0.076172 0.042969 0.058594
0 0.619141 0.470703 0.042969 0.058594
0 0.955078 0.375000 0.042969 0.062500
0 0.830078 0.148438 0.042969 0.046875
0 0.015625 0.685547 0.031250 0.058594
0 0.816406 0.347656 0.046875 0.031250
0 0.015625 0.779297 0.031250 0.042969
0 0.535156 0.042969 0.031250 0.039062
0 0.355469 0.513672 0.031250 0.035156
0 0.937500 0.406250 0.031250 0.031250
0 0.734375 0.437500 0.031250 0.031250
0 0.484375 0.562500 0.031250 0.031250
0 0.859375 0.298828 0.031250 0.027344
0 0.746094 0.123047 0.031250 0.027344
0 0.986328 0.294922 0.027344 0.035156
0 0.701172 0.607422 0.035156 0.027344
0 0.455078 0.580078 0.027344 0.027344
0 0.062500 0.576172 0.031250 0.027344
0 0.451172 0.546875 0.027344 0.031250
0 0.529297 0.400391 0.027344 0.027344
0 0.605469 0.029297 0.023438 0.027344
0 0.580078 0.402344 0.027344 0.023438
0 0.919922 0.253906 0.027344 0.023438
0 0.923828 0.160156 0.027344 0.023438
0 0.542969 0.464844 0.023438 0.023438
0 0.517578 0.439453 0.019531 0.027344
0 0.554688 0.580078 0.023438 0.019531
0 0.384766 0.410156 0.019531 0.023438
0 0.845703 0.189453 0.019531 0.019531
0 0.986328 0.191406 0.019531 0.015625
0 0.162109 0.193359 0.066406 0.066406
0 0.125000 0.166016 0.046875 0.042969
0 0.322266 0.333984 0.042969 0.042969
0 0.406250 0.285156 0.000000 0.000000
0 0.410156 0.292969 0.070312 0.062500
1 0.890625 0.654297 0.210938 0.136719
0 0.953125 0.523438 0.085938 0.101562
1 0.087891 0.855469 0.082031 0.054688
1 0.791016 0.769531 0.152344 0.078125
1 0.466797 0.972656 0.113281 0.046875
1 0.146484 0.968750 0.089844 0.054688
1 0.218750 0.878906 0.000000 0.000000
1 0.296875 0.867188 0.343750 0.148438
1 0.531250 0.773438 0.000000 0.000000
1 0.486328 0.775391 0.199219 0.113281
1 0.906250 0.023438 0.000000 0.000000
0 0.880859 0.066406 0.152344 0.117188
0 0.800781 0.183594 0.000000 0.000000
0 0.841797 0.232422 0.050781 0.050781
0 0.882812 0.273438 0.000000 0.000000
0 0.871094 0.408203 0.039062 0.035156
0 0.691406 0.476562 0.000000 0.000000
0 0.693359 0.480469 0.042969 0.031250
0 0.695312 0.445312 0.054688 0.046875
0 0.515625 0.535156 0.000000 0.000000
0 0.521484 0.537109 0.027344 0.035156
0 0.554688 0.503906 0.031250 0.023438
0 0.503906 0.675781 0.000000 0.000000
0 0.511719 0.675781 0.039062 0.031250
0 0.308594 0.738281 0.000000 0.000000
0 0.310547 0.722656 0.058594 0.039062
0 0.085938 0.539062 0.000000 0.000000
0 0.082031 0.539062 0.039062 0.023438
0 0.773438 0.511719 0.000000 0.000000
0 0.755859 0.515625 0.027344 0.023438
0 0.875000 0.523438 0.000000 0.000000
0 0.871094 0.515625 0.046875 0.054688
0 0.960938 0.746094 0.000000 0.000000
1 0.943359 0.785156 0.105469 0.117188
1 0.625000 0.964844 0.000000 0.000000
1 0.613281 0.972656 0.000000 0.000000
1 0.673828 0.970703 0.214844 0.050781
0 0.035156 0.929688 0.039062 0.046875
1 0.052734 0.906250 0.097656 0.171875
1 0.542969 0.937500 0.000000 0.000000
0 0.669922 0.888672 0.089844 0.066406
0 0.636719 0.923828 0.046875 0.042969
0 0.595703 0.923828 0.027344 0.027344
0 0.517578 0.937500 0.027344 0.031250
0 0.546875 0.939453 0.015625 0.027344
0 0.875000 0.785156 0.000000 0.000000
0 0.878906 0.738281 0.000000 0.000000
0 0.937500 0.722656 0.117188 0.078125
0 0.304688 0.580078 0.062500 0.050781
0 0.187500 0.306641 0.031250 0.035156
0 0.738281 0.273438 0.000000 0.000000
1 0.734375 0.281250 0.070312 0.054688
1 0.656250 0.027344 0.000000 0.000000
0 0.648438 0.033203 0.039062 0.042969
0 0.972656 0.132812 0.000000 0.000000
