1 0.763672 0.033203 0.097656 0.066406
0 0.744141 0.205078 0.058594 0.066406
1 0.685547 0.742188 0.074219 0.046875
0 0.984375 0.314453 0.031250 0.074219
0 0.984375 0.892578 0.031250 0.066406
0 0.984375 0.966797 0.031250 0.066406
1 0.750000 0.326172 0.031250 0.050781
0 0.687500 0.248047 0.046875 0.027344
0 0.978516 0.578125 0.035156 0.031250
0 0.759766 0.281250 0.035156 0.031250
1 0.673828 0.205078 0.035156 0.027344
1 0.744141 0.376953 0.027344 0.027344
0 0.970703 0.308594 0.019531 0.023438
0 0.759766 0.830078 0.019531 0.019531
1 0.806641 0.197266 0.019531 0.019531
1 0.964844 0.597656 0.023438 0.015625
1 0.791016 0.750000 0.019531 0.015625
0 0.808594 0.441406 0.000000 0.000000
0 0.886719 0.414062 0.000000 0.000000
0 0.666016 0.447266 0.074219 0.074219
0 0.902344 0.281250 0.000000 0.000000
1 0.902344 0.269531 0.000000 0.000000
1 0.902344 0.281250 0.117188 0.125000
0 0.828125 0.431641 0.320312 0.253906
0 0.730469 0.148438 0.000000 0.000000
0 0.632812 0.214844 0.000000 0.000000
0 0.636719 0.220703 0.015625 0.019531
0 0.871094 0.179688 0.000000 0.000000
1 0.755859 0.625000 0.191406 0.132812
1 0.902344 0.906250 0.000000 0.000000
1 0.894531 0.794922 0.164062 0.144531
1 0.669922 0.916016 0.074219 0.082031
0 0.746094 0.904297 0.046875 0.050781
1 0.634766 0.041016 0.152344 0.082031
