0 0.666016 0.123047 0.121094 0.042969
1 0.312500 0.279297 0.062500 0.066406
0 0.498047 0.357422 0.097656 0.035156
0 0.906250 0.121094 0.062500 0.054688
0 0.843750 0.134766 0.062500 0.050781
0 0.433594 0.263672 0.070312 0.042969
0 0.402344 0.451172 0.070312 0.035156
0 0.966797 0.345703 0.066406 0.035156
0 0.890625 0.291016 0.046875 0.050781
0 0.310547 0.345703 0.042969 0.058594
0 0.939453 0.298828 0.058594 0.042969
0 0.171875 0.298828 0.046875 0.042969
0 0.984375 0.306641 0.031250 0.050781
0 0.781250 0.593750 0.031250 0.046875
1 0.953125 0.253906 0.031250 0.046875
0 0.841797 0.234375 0.050781 0.031250
1 0.835938 0.171875 0.039062 0.031250
0 0.781250 0.267578 0.031250 0.042969
0 0.921875 0.205078 0.031250 0.042969
0 0.972656 0.636719 0.031250 0.039062
0 0.578125 0.080078 0.031250 0.035156
0 0.316406 0.279297 0.039062 0.027344
0 0.750000 0.328125 0.031250 0.031250
0 0.562500 0.214844 0.031250 0.031250
0 0.730469 0.417969 0.023438 0.031250
0 0.921875 0.128906 0.031250 0.023438
1 0.796875 0.201172 0.031250 0.027344
1 0.873047 0.205078 0.027344 0.027344
1 0.966797 0.378906 0.027344 0.023438
1 0.607422 0.312500 0.035156 0.015625
0 0.148438 0.248047 0.023438 0.027344
0 0.496094 0.576172 0.023438 0.027344
0 0.111328 0.259766 0.027344 0.019531
1 0.742188 0.205078 0.023438 0.019531
0 0.548828 0.623047 0.019531 0.027344
0 0.199219 0.248047 0.023438 0.019531
1 0.525391 0.460938 0.019531 0.023438
0 0.509766 0.066406 0.019531 0.023438
1 0.562500 0.294922 0.015625 0.019531
0 0.119141 0.212891 0.019531 0.019531
1 0.666016 0.181641 0.019531 0.019531
1 0.951172 0.171875 0.027344 0.015625
0 0.779297 0.171875 0.027344 0.015625
1 0.640625 0.179688 0.015625 0.015625
1 0.593750 0.572266 0.015625 0.011719
0 0.691406 0.281250 0.000000 0.000000
0 0.701172 0.281250 0.027344 0.023438
0 0.644531 0.277344 0.015625 0.015625
0 0.671875 0.263672 0.117188 0.128906
0 0.859375 0.035156 0.000000 0.000000
0 0.863281 0.023438 0.125000 0.046875
0 0.974609 0.582031 0.027344 0.031250
0 0.138672 0.376953 0.050781 0.035156
0 0.257812 0.455078 0.039062 0.042969
0 0.632812 0.707031 0.000000 0.000000
0 0.621094 0.693359 0.031250 0.027344
0 0.349609 0.060547 0.035156 0.027344
