0 0.585938 0.777344 0.140625 0.085938
0 0.640625 0.072266 0.093750 0.074219
0 0.566406 0.417969 0.078125 0.085938
0 0.515625 0.765625 0.093750 0.062500
1 0.535156 0.656250 0.078125 0.062500
0 0.417969 0.509766 0.101562 0.035156
0 0.593750 0.779297 0.062500 0.050781
0 0.191406 0.470703 0.078125 0.042969
0 0.210938 0.044922 0.054688 0.050781
0 0.511719 0.033203 0.070312 0.035156
1 0.169922 0.791016 0.035156 0.058594
1 0.888672 0.292969 0.042969 0.046875
0 0.515625 0.431641 0.046875 0.042969
0 0.861328 0.509766 0.042969 0.042969
0 0.544922 0.890625 0.035156 0.046875
0 0.408203 0.125000 0.035156 0.046875
0 0.466797 0.603516 0.035156 0.042969
0 0.857422 0.019531 0.035156 0.039062
0 0.578125 0.062500 0.031250 0.046875
0 0.544922 0.439453 0.035156 0.035156
1 0.558594 0.390625 0.039062 0.031250
0 0.324219 0.292969 0.039062 0.031250
1 0.501953 0.468750 0.035156 0.031250
1 0.533203 0.718750 0.058594 0.015625
1 0.222656 0.527344 0.031250 0.031250
1 0.482422 0.453125 0.027344 0.031250
0 0.328125 0.720703 0.031250 0.027344
0 0.884766 0.986328 0.042969 0.019531
0 0.765625 0.482422 0.031250 0.027344
1 0.796875 0.273438 0.031250 0.023438
0 0.544922 0.056641 0.027344 0.027344
0 0.748047 0.611328 0.027344 0.027344
1 0.259766 0.470703 0.027344 0.027344
0 0.410156 0.746094 0.023438 0.023438
0 0.572266 0.009766 0.027344 0.019531
0 0.720703 0.384766 0.019531 0.027344
0 0.679688 0.587891 0.023438 0.019531
0 0.855469 0.609375 0.023438 0.015625
0 0.400391 0.435547 0.019531 0.019531
0 0.095703 0.845703 0.144531 0.160156
0 0.691406 0.765625 0.000000 0.000000
0 0.683594 0.767578 0.046875 0.042969
0 0.742188 0.738281 0.000000 0.000000
0 0.746094 0.728516 0.054688 0.058594
0 0.925781 0.683594 0.000000 0.000000
0 0.927734 0.679688 0.042969 0.054688
0 0.621094 0.519531 0.000000 0.000000
0 0.644531 0.519531 0.000000 0.000000
1 0.630859 0.529297 0.058594 0.058594
1 0.562500 0.166016 0.085938 0.082031
1 0.410156 0.347656 0.101562 0.070312
1 0.177734 0.160156 0.089844 0.054688
1 0.035156 0.218750 0.070312 0.070312
1 0.083984 0.275391 0.082031 0.082031
1 0.130859 0.613281 0.113281 0.062500
1 0.083984 0.537109 0.128906 0.074219
1 0.804688 0.050781 0.000000 0.000000
0 0.812500 0.048828 0.046875 0.050781
0 0.808594 0.117188 0.000000 0.000000
0 0.777344 0.134766 0.078125 0.066406
0 0.816406 0.195312 0.000000 0.000000
1 0.775391 0.191406 0.113281 0.078125
1 0.746094 0.296875 0.000000 0.000000
1 0.656250 0.386719 0.000000 0.000000
0 0.654297 0.376953 0.035156 0.035156
1 0.093750 0.687500 0.000000 0.000000
1 0.070312 0.666016 0.140625 0.128906
1 0.349609 0.802734 0.144531 0.074219
1 0.255859 0.091797 0.097656 0.097656
1 0.212891 0.212891 0.097656 0.089844
