0 0.281250 0.279297 0.093750 0.097656
0 0.042969 0.294922 0.085938 0.097656
0 0.500000 0.408203 0.078125 0.089844
0 0.402344 0.783203 0.070312 0.089844
0 0.337891 0.572266 0.089844 0.066406
1 0.353516 0.720703 0.074219 0.074219
0 0.884766 0.248047 0.066406 0.074219
0 0.609375 0.140625 0.093750 0.031250
0 0.794922 0.263672 0.074219 0.035156
1 0.306641 0.748047 0.050781 0.058594
0 0.355469 0.419922 0.070312 0.035156
1 0.015625 0.314453 0.031250 0.074219
0 0.486328 0.648438 0.058594 0.046875
1 0.339844 0.660156 0.054688 0.046875
0 0.406250 0.466797 0.062500 0.035156
1 0.431641 0.156250 0.050781 0.046875
0 0.875000 0.044922 0.062500 0.035156
0 0.732422 0.248047 0.050781 0.042969
1 0.689453 0.310547 0.042969 0.050781
1 0.468750 0.591797 0.031250 0.058594
0 0.625000 0.205078 0.062500 0.027344
1 0.683594 0.279297 0.039062 0.035156
1 0.291016 0.697266 0.042969 0.035156
1 0.744141 0.283203 0.050781 0.027344
0 0.902344 0.150391 0.039062 0.035156
1 0.251953 0.683594 0.035156 0.039062
0 0.978516 0.097656 0.042969 0.031250
0 0.486328 0.748047 0.042969 0.027344
0 0.921875 0.074219 0.031250 0.031250
0 0.966797 0.250000 0.035156 0.031250
0 0.669922 0.378906 0.027344 0.039062
0 0.171875 0.140625 0.031250 0.031250
0 0.578125 0.273438 0.031250 0.031250
0 0.791016 0.046875 0.027344 0.031250
0 0.500000 0.728516 0.039062 0.019531
0 0.876953 0.197266 0.027344 0.027344
1 0.955078 0.072266 0.027344 0.027344
0 0.314453 0.404297 0.027344 0.027344
0 0.828125 0.314453 0.031250 0.019531
1 0.910156 0.011719 0.023438 0.023438
0 0.798828 0.029297 0.027344 0.019531
1 0.908203 0.212891 0.027344 0.019531
0 0.611328 0.169922 0.019531 0.027344
1 0.433594 0.197266 0.023438 0.019531
1 0.439453 0.746094 0.027344 0.015625
1 0.515625 0.236328 0.031250 0.011719
0 0.650391 0.187500 0.019531 0.015625
1 0.634766 0.232422 0.019531 0.011719
1 0.550781 0.089844 0.000000 0.000000
1 0.697266 0.878906 0.457031 0.226562
1 0.882812 0.687500 0.000000 0.000000
1 0.882812 0.726562 0.195312 0.406250
1 0.714844 0.693359 0.250000 0.214844
1 0.488281 0.507812 0.234375 0.140625
1 0.074219 0.554688 0.148438 0.203125
1 0.291016 0.146484 0.089844 0.113281
0 0.480469 0.335938 0.000000 0.000000
0 0.484375 0.335938 0.046875 0.031250
0 0.416016 0.326172 0.042969 0.027344
0 0.843750 0.375000 0.000000 0.000000
0 0.726562 0.511719 0.070312 0.039062
0 0.208984 0.906250 0.097656 0.078125
0 0.083984 0.910156 0.058594 0.046875
0 0.054688 0.820312 0.046875 0.031250
0 0.042969 0.849609 0.039062 0.019531
0 0.044922 0.767578 0.042969 0.042969
0 0.564453 0.089844 0.058594 0.046875
0 0.707031 0.064453 0.054688 0.058594
1 0.140625 0.376953 0.156250 0.121094
1 0.578125 0.375000 0.078125 0.085938
0 0.322266 0.906250 0.050781 0.039062
