0 0.609375 0.242188 0.046875 0.046875
0 0.429688 0.777344 0.046875 0.046875
1 0.607422 0.203125 0.042969 0.031250
0 0.105469 0.316406 0.039062 0.031250
0 0.353516 0.933594 0.027344 0.039062
0 0.105469 0.484375 0.031250 0.031250
0 0.669922 0.828125 0.027344 0.031250
1 0.388672 0.623047 0.027344 0.027344
1 0.453125 0.621094 0.031250 0.023438
0 0.072266 0.472656 0.027344 0.031250
0 0.232422 0.123047 0.027344 0.027344
0 0.121094 0.462891 0.023438 0.027344
1 0.361328 0.744141 0.027344 0.027344
1 0.826172 0.111328 0.027344 0.027344
0 0.777344 0.107422 0.023438 0.027344
0 0.964844 0.009766 0.023438 0.019531
0 0.248047 0.322266 0.027344 0.019531
0 0.947266 0.105469 0.019531 0.023438
1 0.009766 0.982422 0.019531 0.019531
1 0.554688 0.527344 0.023438 0.015625
1 0.900391 0.191406 0.019531 0.015625
0 0.605469 0.386719 0.000000 0.000000
0 0.601562 0.376953 0.039062 0.027344
0 0.648438 0.402344 0.023438 0.039062
0 0.707031 0.406250 0.000000 0.000000
0 0.716797 0.371094 0.035156 0.031250
0 0.750000 0.398438 0.000000 0.000000
1 0.390625 0.914062 0.046875 0.039062
0 0.771484 0.667969 0.050781 0.031250
0 0.339844 0.296875 0.054688 0.031250
0 0.224609 0.058594 0.082031 0.062500
0 0.535156 0.074219 0.000000 0.000000
0 0.548828 0.060547 0.082031 0.058594
0 0.025391 0.382812 0.050781 0.070312
0 0.015625 0.582031 0.000000 0.000000
0 0.015625 0.595703 0.031250 0.066406
0 0.125000 0.750000 0.000000 0.000000
0 0.082031 0.744141 0.039062 0.027344
0 0.123047 0.748047 0.050781 0.050781
0 0.050781 0.785156 0.039062 0.039062
0 0.328125 0.669922 0.054688 0.042969
0 0.037109 0.091797 0.035156 0.035156
0 0.007812 0.144531 0.015625 0.039062
0 0.347656 0.207031 0.000000 0.000000
0 0.349609 0.199219 0.042969 0.039062
0 0.835938 0.644531 0.000000 0.000000
0 0.822266 0.646484 0.050781 0.042969
0 0.179688 0.601562 0.000000 0.000000
0 0.080078 0.529297 0.035156 0.035156
0 0.031250 0.554688 0.000000 0.000000
0 0.214844 0.429688 0.000000 0.000000
0 0.191406 0.425781 0.000000 0.000000
0 0.185547 0.400391 0.035156 0.042969
0 0.210938 0.410156 0.023438 0.031250
0 0.164062 0.230469 0.000000 0.000000
0 0.167969 0.226562 0.031250 0.031250
0 0.160156 0.265625 0.000000 0.000000
0 0.150391 0.279297 0.058594 0.042969
0 0.550781 0.152344 0.000000 0.000000
0 0.916016 0.962891 0.050781 0.035156
0 0.117188 0.386719 0.000000 0.000000
1 0.265625 0.394531 0.046875 0.031250
