0 0.373047 0.185547 0.066406 0.066406
0 0.500000 0.173828 0.062500 0.074219
0 0.244141 0.064453 0.082031 0.058594
0 0.031250 0.048828 0.062500 0.042969
0 0.015625 0.968750 0.031250 0.062500
0 0.611328 0.408203 0.058594 0.035156
1 0.373047 0.015625 0.066406 0.031250
0 0.455078 0.173828 0.035156 0.058594
0 0.634766 0.544922 0.042969 0.042969
1 0.306641 0.105469 0.050781 0.031250
0 0.533203 0.142578 0.035156 0.035156
1 0.265625 0.011719 0.062500 0.023438
1 0.466797 0.609375 0.035156 0.031250
0 0.468750 0.515625 0.031250 0.046875
0 0.585938 0.533203 0.046875 0.027344
1 0.410156 0.587891 0.046875 0.027344
0 0.388672 0.480469 0.035156 0.031250
0 0.173828 0.837891 0.035156 0.027344
1 0.605469 0.484375 0.031250 0.031250
0 0.234375 0.898438 0.031250 0.031250
0 0.640625 0.556641 0.031250 0.027344
0 0.634766 0.378906 0.035156 0.023438
0 0.669922 0.353516 0.027344 0.027344
1 0.603516 0.439453 0.027344 0.027344
0 0.625000 0.404297 0.031250 0.027344
0 0.046875 0.292969 0.031250 0.023438
1 0.525391 0.605469 0.027344 0.023438
0 0.429688 0.154297 0.031250 0.019531
0 0.515625 0.500000 0.031250 0.015625
1 0.103516 0.015625 0.019531 0.031250
1 0.451172 0.464844 0.035156 0.015625
1 0.281250 0.781250 0.031250 0.015625
1 0.009766 0.232422 0.019531 0.027344
1 0.072266 0.812500 0.027344 0.015625
1 0.658203 0.455078 0.019531 0.027344
0 0.722656 0.494141 0.023438 0.019531
1 0.626953 0.470703 0.019531 0.019531
1 0.150391 0.228516 0.019531 0.019531
0 0.220703 0.744141 0.019531 0.019531
1 0.205078 0.638672 0.019531 0.019531
0 0.513672 0.281250 0.027344 0.015625
1 0.580078 0.515625 0.019531 0.015625
1 0.410156 0.480469 0.015625 0.015625
0 0.328125 0.486328 0.015625 0.011719
0 0.837891 0.544922 0.105469 0.082031
0 0.628906 0.734375 0.000000 0.000000
0 0.617188 0.714844 0.054688 0.070312
0 0.480469 0.824219 0.000000 0.000000
0 0.488281 0.792969 0.039062 0.039062
0 0.417969 0.765625 0.046875 0.039062
0 0.509766 0.755859 0.027344 0.027344
0 0.263672 0.886719 0.066406 0.062500
0 0.277344 0.519531 0.101562 0.125000
0 0.236328 0.394531 0.050781 0.039062
0 0.130859 0.363281 0.042969 0.031250
0 0.089844 0.253906 0.000000 0.000000
0 0.195312 0.292969 0.000000 0.000000
1 0.812500 0.716797 0.125000 0.089844
1 0.525391 0.886719 0.089844 0.109375
1 0.626953 0.162109 0.152344 0.113281
1 0.542969 0.218750 0.000000 0.000000
0 0.552734 0.214844 0.058594 0.062500
0 0.433594 0.300781 0.000000 0.000000
1 0.423828 0.314453 0.152344 0.089844
1 0.304688 0.191406 0.164062 0.140625
1 0.060547 0.544922 0.121094 0.230469
1 0.886719 0.945312 0.179688 0.101562
1 0.787109 0.837891 0.113281 0.113281
1 0.917969 0.773438 0.000000 0.000000
1 0.921875 0.730469 0.140625 0.257812
1 0.708984 0.751953 0.113281 0.136719
0 0.662109 0.646484 0.050781 0.042969
0 0.140625 0.062500 0.023438 0.031250
0 0.046875 0.074219 0.000000 0.000000
0 0.039062 0.132812 0.023438 0.023438
0 0.027344 0.107422 0.039062 0.035156
0 0.052734 0.078125 0.042969 0.046875
0 0.175781 0.021484 0.031250 0.027344
0 0.136719 0.226562 0.000000 0.000000
0 0.794922 0.417969 0.074219 0.054688
0 0.861328 0.369141 0.050781 0.042969
0 0.960938 0.078125 0.000000 0.000000
