0 0.421875 0.857422 0.203125 0.214844
0 0.078125 0.400391 0.156250 0.105469
0 0.046875 0.578125 0.093750 0.125000
1 0.546875 0.345703 0.109375 0.089844
1 0.484375 0.968750 0.140625 0.062500
1 0.107422 0.031250 0.097656 0.062500
0 0.109375 0.498047 0.093750 0.058594
0 0.230469 0.218750 0.085938 0.062500
0 0.531250 0.242188 0.078125 0.062500
0 0.607422 0.296875 0.050781 0.078125
1 0.125000 0.078125 0.062500 0.062500
1 0.312500 0.187500 0.093750 0.031250
0 0.390625 0.167969 0.062500 0.039062
0 0.533203 0.277344 0.058594 0.046875
0 0.294922 0.759766 0.042969 0.050781
0 0.640625 0.335938 0.031250 0.054688
1 0.480469 0.250000 0.039062 0.046875
1 0.371094 0.748047 0.039062 0.035156
1 0.015625 0.468750 0.031250 0.046875
1 0.140625 0.462891 0.046875 0.027344
1 0.589844 0.453125 0.039062 0.031250
0 0.671875 0.359375 0.031250 0.031250
1 0.640625 0.484375 0.031250 0.031250
1 0.792969 0.013672 0.039062 0.027344
1 0.542969 0.310547 0.039062 0.027344
1 0.031250 0.777344 0.031250 0.031250
0 0.138672 0.218750 0.035156 0.031250
0 0.126953 0.248047 0.027344 0.035156
0 0.416016 0.234375 0.027344 0.031250
1 0.011719 0.687500 0.023438 0.031250
1 0.046875 0.511719 0.031250 0.023438
1 0.078125 0.484375 0.031250 0.015625
0 0.062500 0.109375 0.015625 0.015625
1 0.462891 0.980469 0.011719 0.015625
1 0.261719 0.869141 0.015625 0.011719
0 0.648438 0.683594 0.109375 0.101562
0 0.187500 0.625000 0.000000 0.000000
0 0.187500 0.640625 0.000000 0.000000
0 0.187500 0.636719 0.125000 0.101562
