0 0.617188 0.542969 0.140625 0.117188
0 0.871094 0.150391 0.132812 0.121094
0 0.640625 0.203125 0.093750 0.093750
0 0.968750 0.179688 0.062500 0.031250
0 0.658203 0.041016 0.042969 0.042969
0 0.433594 0.189453 0.046875 0.035156
0 0.982422 0.683594 0.035156 0.046875
0 0.951172 0.591797 0.035156 0.035156
0 0.078125 0.376953 0.031250 0.035156
0 0.046875 0.392578 0.031250 0.035156
0 0.250000 0.373047 0.031250 0.035156
0 0.080078 0.453125 0.035156 0.031250
0 0.328125 0.716797 0.031250 0.035156
0 0.339844 0.529297 0.031250 0.035156
1 0.593750 0.265625 0.031250 0.031250
0 0.556641 0.587891 0.027344 0.035156
1 0.970703 0.720703 0.027344 0.027344
0 0.156250 0.751953 0.031250 0.027344
0 0.955078 0.140625 0.027344 0.031250
1 0.984375 0.128906 0.031250 0.023438
0 0.617188 0.216797 0.031250 0.027344
0 0.960938 0.341797 0.023438 0.027344
0 0.136719 0.376953 0.023438 0.027344
0 0.154297 0.400391 0.027344 0.027344
1 0.875000 0.072266 0.031250 0.019531
0 0.810547 0.585938 0.027344 0.023438
0 0.201172 0.746094 0.027344 0.023438
1 0.779297 0.035156 0.027344 0.023438
0 0.529297 0.736328 0.027344 0.027344
0 0.511719 0.253906 0.023438 0.023438
1 0.982422 0.310547 0.027344 0.019531
1 0.279297 0.294922 0.027344 0.019531
1 0.455078 0.609375 0.027344 0.015625
0 0.921875 0.173828 0.015625 0.027344
0 0.044922 0.720703 0.027344 0.019531
0 0.705078 0.134766 0.027344 0.019531
0 0.888672 0.166016 0.027344 0.019531
0 0.462891 0.242188 0.027344 0.015625
0 0.447266 0.642578 0.019531 0.019531
1 0.611328 0.003906 0.027344 0.007812
0 0.595703 0.292969 0.019531 0.015625
0 0.578125 0.367188 0.015625 0.015625
1 0.564453 0.472656 0.019531 0.015625
0 0.455078 0.554688 0.019531 0.015625
1 0.056641 0.421875 0.019531 0.015625
0 0.017578 0.687500 0.019531 0.015625
0 0.664062 0.574219 0.000000 0.000000
1 0.648438 0.580078 0.109375 0.082031
1 0.214844 0.703125 0.000000 0.000000
0 0.199219 0.703125 0.000000 0.000000
0 0.208984 0.710938 0.042969 0.039062
0 0.730469 0.890625 0.000000 0.000000
0 0.742188 0.871094 0.000000 0.000000
0 0.730469 0.869141 0.054688 0.058594
0 0.757812 0.925781 0.000000 0.000000
0 0.753906 0.935547 0.039062 0.042969
0 0.820312 0.542969 0.000000 0.000000
0 0.824219 0.542969 0.000000 0.000000
0 0.824219 0.546875 0.031250 0.031250
0 0.541016 0.335938 0.035156 0.031250
0 0.207031 0.261719 0.000000 0.000000
0 0.841797 0.050781 0.027344 0.023438
0 0.738281 0.109375 0.000000 0.000000
0 0.738281 0.113281 0.031250 0.031250
0 0.763672 0.066406 0.027344 0.023438
0 0.386719 0.136719 0.000000 0.000000
0 0.597656 0.894531 0.000000 0.000000
0 0.582031 0.878906 0.078125 0.085938
0 0.392578 0.320312 0.035156 0.031250
0 0.871094 0.748047 0.054688 0.066406
0 0.726562 0.714844 0.000000 0.000000
0 0.730469 0.742188 0.109375 0.117188
1 0.105469 0.195312 0.000000 0.000000
0 0.121094 0.203125 0.000000 0.000000
0 0.109375 0.195312 0.031250 0.031250
1 0.117188 0.242188 0.000000 0.000000
1 0.138672 0.205078 0.277344 0.128906
1 0.125000 0.113281 0.000000 0.000000
0 0.140625 0.109375 0.000000 0.000000
0 0.130859 0.115234 0.050781 0.035156
0 0.234375 0.281250 0.000000 0.000000
0 0.228516 0.285156 0.035156 0.039062
