0 0.468750 0.281250 0.187500 0.125000
0 0.310547 0.138672 0.191406 0.097656
0 0.486328 0.158203 0.160156 0.097656
0 0.609375 0.234375 0.093750 0.156250
0 0.218750 0.218750 0.187500 0.078125
1 0.515625 0.060547 0.156250 0.074219
0 0.558594 0.156250 0.117188 0.093750
0 0.742188 0.455078 0.078125 0.121094
1 0.761719 0.343750 0.109375 0.062500
0 0.416016 0.154297 0.050781 0.097656
0 0.578125 0.076172 0.093750 0.050781
0 0.033203 0.337891 0.066406 0.066406
0 0.337891 0.046875 0.074219 0.046875
0 0.279297 0.298828 0.066406 0.042969
0 0.796875 0.464844 0.046875 0.070312
0 0.218750 0.330078 0.078125 0.035156
0 0.548828 0.171875 0.035156 0.062500
1 0.597656 0.128906 0.046875 0.046875
1 0.908203 0.314453 0.058594 0.035156
0 0.982422 0.791016 0.035156 0.058594
0 0.017578 0.171875 0.035156 0.046875
1 0.558594 0.015625 0.054688 0.031250
0 0.054688 0.011719 0.070312 0.023438
0 0.628906 0.171875 0.046875 0.031250
1 0.845703 0.314453 0.058594 0.027344
0 0.015625 0.341797 0.031250 0.042969
0 0.515625 0.234375 0.031250 0.031250
1 0.515625 0.173828 0.031250 0.035156
0 0.953125 0.296875 0.046875 0.031250
0 0.111328 0.353516 0.035156 0.027344
0 0.603516 0.126953 0.042969 0.019531
1 0.464844 0.044922 0.039062 0.019531
0 0.283203 0.339844 0.027344 0.023438
0 0.353516 0.279297 0.019531 0.027344
0 0.781250 0.378906 0.015625 0.015625
1 0.849609 0.734375 0.152344 0.125000
1 0.845703 0.171875 0.214844 0.210938
1 0.820312 0.054688 0.234375 0.109375
1 0.179688 0.062500 0.000000 0.000000
1 0.179688 0.039062 0.234375 0.078125
1 0.134766 0.201172 0.167969 0.175781
1 0.917969 0.523438 0.156250 0.234375
0 0.839844 0.363281 0.000000 0.000000
0 0.841797 0.349609 0.019531 0.019531
0 0.835938 0.367188 0.023438 0.023438
0 0.830078 0.384766 0.027344 0.027344
0 0.892578 0.392578 0.035156 0.027344
0 0.140625 0.324219 0.000000 0.000000
0 0.146484 0.322266 0.019531 0.019531
0 0.984375 0.019531 0.000000 0.000000
