0 0.857422 0.031250 0.089844 0.062500
0 0.156250 0.875000 0.062500 0.078125
0 0.060547 0.720703 0.066406 0.066406
0 0.125000 0.806641 0.062500 0.058594
0 0.429688 0.810547 0.046875 0.042969
1 0.859375 0.015625 0.046875 0.031250
0 0.421875 0.761719 0.031250 0.039062
0 0.900391 0.765625 0.042969 0.031250
0 0.367188 0.642578 0.046875 0.027344
0 0.125000 0.564453 0.031250 0.035156
0 0.949219 0.046875 0.039062 0.031250
0 0.390625 0.720703 0.031250 0.035156
0 0.535156 0.750000 0.031250 0.031250
1 0.453125 0.781250 0.031250 0.031250
0 0.296875 0.564453 0.031250 0.035156
0 0.796875 0.734375 0.031250 0.031250
0 0.966797 0.503906 0.035156 0.023438
1 0.416016 0.031250 0.027344 0.031250
0 0.181641 0.574219 0.027344 0.031250
1 0.656250 0.326172 0.031250 0.027344
0 0.917969 0.587891 0.031250 0.027344
0 0.890625 0.562500 0.031250 0.031250
0 0.023438 0.929688 0.031250 0.023438
0 0.765625 0.126953 0.031250 0.027344
0 0.578125 0.875000 0.015625 0.031250
1 0.009766 0.283203 0.019531 0.035156
0 0.322266 0.011719 0.027344 0.023438
0 0.767578 0.429688 0.027344 0.023438
0 0.949219 0.437500 0.023438 0.031250
1 0.835938 0.544922 0.023438 0.027344
1 0.136719 0.640625 0.023438 0.031250
0 0.634766 0.648438 0.027344 0.023438
0 0.939453 0.648438 0.027344 0.023438
0 0.167969 0.679688 0.023438 0.023438
1 0.496094 0.777344 0.023438 0.023438
1 0.033203 0.955078 0.027344 0.027344
1 0.310547 0.091797 0.027344 0.027344
0 0.142578 0.058594 0.027344 0.023438
0 0.824219 0.105469 0.023438 0.023438
0 0.085938 0.701172 0.023438 0.027344
1 0.853516 0.525391 0.027344 0.019531
0 0.937500 0.283203 0.031250 0.019531
0 0.179688 0.593750 0.031250 0.015625
1 0.798828 0.400391 0.027344 0.019531
0 0.972656 0.705078 0.023438 0.019531
0 0.337891 0.160156 0.019531 0.023438
0 0.929688 0.330078 0.023438 0.019531
0 0.548828 0.400391 0.027344 0.019531
1 0.931641 0.375000 0.019531 0.015625
1 0.994141 0.324219 0.011719 0.031250
1 0.951172 0.390625 0.019531 0.015625
1 0.541016 0.105469 0.019531 0.015625
0 0.751953 0.441406 0.019531 0.015625
0 0.550781 0.531250 0.000000 0.000000
0 0.583984 0.517578 0.035156 0.035156
0 0.560547 0.537109 0.050781 0.050781
0 0.726562 0.017578 0.062500 0.035156
0 0.652344 0.871094 0.109375 0.109375
0 0.234375 0.371094 0.000000 0.000000
0 0.232422 0.357422 0.113281 0.089844
0 0.269531 0.378906 0.000000 0.000000
0 0.261719 0.421875 0.031250 0.039062
0 0.281250 0.388672 0.046875 0.042969
0 0.017578 0.261719 0.035156 0.085938
0 0.605469 0.628906 0.039062 0.039062
0 0.613281 0.582031 0.046875 0.039062
0 0.603516 0.701172 0.042969 0.035156
0 0.771484 0.617188 0.050781 0.062500
0 0.843750 0.210938 0.070312 0.062500
0 0.371094 0.863281 0.000000 0.000000
0 0.207031 0.734375 0.046875 0.046875
0 0.171875 0.527344 0.054688 0.039062
