0 0.921875 0.357422 0.125000 0.121094
0 0.748047 0.544922 0.074219 0.089844
1 0.929688 0.275391 0.093750 0.066406
0 0.181641 0.744141 0.074219 0.082031
0 0.392578 0.951172 0.089844 0.058594
0 0.562500 0.845703 0.062500 0.058594
0 0.712891 0.609375 0.058594 0.046875
0 0.576172 0.970703 0.042969 0.058594
1 0.875000 0.296875 0.046875 0.046875
0 0.201172 0.091797 0.035156 0.042969
1 0.111328 0.666016 0.042969 0.035156
0 0.828125 0.248047 0.031250 0.035156
0 0.984375 0.460938 0.031250 0.039062
0 0.173828 0.150391 0.042969 0.027344
0 0.078125 0.603516 0.031250 0.035156
0 0.265625 0.156250 0.031250 0.031250
0 0.015625 0.761719 0.031250 0.031250
0 0.126953 0.986328 0.035156 0.027344
0 0.148438 0.845703 0.046875 0.019531
0 0.140625 0.626953 0.031250 0.027344
0 0.078125 0.984375 0.031250 0.031250
0 0.875000 0.564453 0.031250 0.027344
1 0.859375 0.498047 0.031250 0.027344
1 0.125000 0.759766 0.031250 0.027344
0 0.033203 0.556641 0.027344 0.027344
1 0.703125 0.785156 0.031250 0.023438
0 0.972656 0.451172 0.023438 0.027344
0 0.335938 0.847656 0.023438 0.023438
1 0.628906 0.636719 0.023438 0.023438
0 0.830078 0.167969 0.027344 0.023438
1 0.886719 0.501953 0.023438 0.019531
0 0.873047 0.541016 0.027344 0.019531
0 0.390625 0.726562 0.000000 0.000000
1 0.416016 0.726562 0.097656 0.085938
1 0.281250 0.835938 0.000000 0.000000
1 0.269531 0.781250 0.000000 0.000000
0 0.265625 0.785156 0.070312 0.070312
0 0.511719 0.953125 0.000000 0.000000
0 0.503906 0.935547 0.039062 0.042969
0 0.414062 0.964844 0.000000 0.000000
0 0.664062 0.953125 0.000000 0.000000
0 0.642578 0.937500 0.035156 0.031250
0 0.642578 0.970703 0.042969 0.027344
0 0.867188 0.792969 0.000000 0.000000
1 0.230469 0.511719 0.000000 0.000000
0 0.324219 0.111328 0.078125 0.058594
0 0.222656 0.207031 0.000000 0.000000
0 0.076172 0.146484 0.082031 0.050781
0 0.078125 0.277344 0.000000 0.000000
0 0.058594 0.201172 0.109375 0.082031
0 0.066406 0.513672 0.031250 0.042969
0 0.734375 0.230469 0.000000 0.000000
0 0.765625 0.216797 0.031250 0.027344
0 0.642578 0.164062 0.035156 0.031250
0 0.664062 0.265625 0.000000 0.000000
0 0.673828 0.312500 0.097656 0.085938
0 0.599609 0.292969 0.050781 0.039062
1 0.488281 0.425781 0.000000 0.000000
1 0.419922 0.240234 0.636719 0.417969
1 0.349609 0.550781 0.542969 0.195312
