1 0.375000 0.888672 0.125000 0.066406
1 0.722656 0.259766 0.093750 0.089844
1 0.455078 0.732422 0.089844 0.082031
1 0.460938 0.908203 0.078125 0.066406
0 0.148438 0.347656 0.054688 0.062500
1 0.371094 0.308594 0.070312 0.046875
0 0.123047 0.564453 0.050781 0.058594
0 0.828125 0.058594 0.046875 0.054688
0 0.556641 0.089844 0.050781 0.046875
1 0.984375 0.314453 0.031250 0.066406
0 0.689453 0.697266 0.050781 0.035156
1 0.152344 0.406250 0.054688 0.031250
1 0.982422 0.107422 0.035156 0.042969
0 0.683594 0.154297 0.039062 0.035156
1 0.861328 0.375000 0.035156 0.031250
1 0.796875 0.482422 0.031250 0.035156
0 0.511719 0.218750 0.031250 0.046875
1 0.804688 0.515625 0.046875 0.031250
0 0.640625 0.888672 0.031250 0.035156
1 0.578125 0.234375 0.031250 0.031250
1 0.796875 0.169922 0.031250 0.035156
0 0.751953 0.496094 0.035156 0.031250
0 0.359375 0.828125 0.031250 0.031250
0 0.222656 0.357422 0.023438 0.042969
0 0.710938 0.062500 0.031250 0.031250
0 0.640625 0.923828 0.031250 0.027344
1 0.359375 0.419922 0.031250 0.027344
0 0.548828 0.103516 0.035156 0.019531
1 0.748047 0.042969 0.027344 0.031250
0 0.605469 0.294922 0.031250 0.027344
0 0.710938 0.984375 0.023438 0.031250
0 0.404297 0.185547 0.027344 0.027344
0 0.986328 0.783203 0.027344 0.027344
1 0.970703 0.064453 0.027344 0.027344
1 0.986328 0.078125 0.019531 0.031250
0 0.886719 0.064453 0.031250 0.019531
0 0.574219 0.183594 0.023438 0.023438
0 0.572266 0.125000 0.019531 0.015625
0 0.916016 0.804688 0.019531 0.015625
1 0.992188 0.359375 0.015625 0.015625
0 0.714844 0.203125 0.015625 0.015625
1 0.660156 0.273438 0.015625 0.015625
1 0.650391 0.296875 0.019531 0.015625
0 0.367188 0.201172 0.015625 0.011719
0 0.822266 0.800781 0.105469 0.109375
0 0.656250 0.750000 0.000000 0.000000
0 0.660156 0.744141 0.046875 0.035156
0 0.441406 0.808594 0.000000 0.000000
0 0.455078 0.808594 0.160156 0.125000
0 0.445312 0.115234 0.054688 0.074219
0 0.445312 0.015625 0.000000 0.000000
0 0.445312 0.019531 0.054688 0.039062
0 0.601562 0.070312 0.000000 0.000000
0 0.589844 0.066406 0.062500 0.046875
0 0.523438 0.125000 0.000000 0.000000
0 0.521484 0.111328 0.050781 0.050781
0 0.257812 0.292969 0.000000 0.000000
0 0.273438 0.306641 0.070312 0.050781
0 0.210938 0.222656 0.000000 0.000000
0 0.207031 0.224609 0.039062 0.035156
1 0.466797 0.552734 0.402344 0.222656
1 0.666016 0.419922 0.347656 0.238281
1 0.912109 0.476562 0.167969 0.109375
1 0.845703 0.628906 0.300781 0.156250
1 0.917969 0.205078 0.156250 0.191406
1 0.113281 0.640625 0.226562 0.601562
1 0.212891 0.431641 0.191406 0.113281
1 0.443359 0.917969 0.003906 0.000000
