0 0.500000 0.748047 0.062500 0.066406
0 0.361328 0.785156 0.089844 0.046875
0 0.125000 0.058594 0.062500 0.062500
0 0.937500 0.486328 0.062500 0.066406
0 0.498047 0.361328 0.058594 0.058594
0 0.025391 0.230469 0.050781 0.054688
0 0.794922 0.480469 0.042969 0.054688
0 0.078125 0.078125 0.046875 0.046875
0 0.558594 0.359375 0.046875 0.046875
0 0.296875 0.500000 0.046875 0.046875
0 0.875000 0.156250 0.062500 0.031250
0 0.470703 0.453125 0.035156 0.046875
0 0.841797 0.980469 0.035156 0.039062
0 0.230469 0.667969 0.039062 0.039062
0 0.560547 0.486328 0.035156 0.035156
0 0.232422 0.031250 0.042969 0.031250
0 0.201172 0.015625 0.042969 0.031250
0 0.921875 0.312500 0.031250 0.031250
0 0.152344 0.093750 0.039062 0.031250
0 0.390625 0.361328 0.031250 0.035156
0 0.873047 0.617188 0.035156 0.031250
0 0.421875 0.460938 0.031250 0.031250
1 0.861328 0.179688 0.035156 0.031250
0 0.328125 0.796875 0.031250 0.031250
0 0.937500 0.703125 0.031250 0.031250
0 0.953125 0.398438 0.031250 0.023438
0 0.992188 0.142578 0.015625 0.035156
0 0.230469 0.251953 0.023438 0.027344
0 0.753906 0.072266 0.023438 0.027344
0 0.423828 0.509766 0.019531 0.027344
0 0.986328 0.640625 0.019531 0.031250
0 0.029297 0.212891 0.027344 0.019531
0 0.478516 0.876953 0.019531 0.027344
1 0.982422 0.376953 0.027344 0.019531
1 0.935547 0.447266 0.027344 0.019531
0 0.222656 0.087891 0.023438 0.019531
0 0.830078 0.134766 0.027344 0.019531
0 0.222656 0.611328 0.015625 0.019531
1 0.304688 0.560547 0.023438 0.011719
0 0.375000 0.195312 0.000000 0.000000
0 0.343750 0.160156 0.156250 0.132812
0 0.664062 0.339844 0.000000 0.000000
0 0.806641 0.691406 0.066406 0.054688
0 0.371094 0.734375 0.000000 0.000000
0 0.363281 0.734375 0.070312 0.039062
0 0.164062 0.589844 0.000000 0.000000
0 0.171875 0.634766 0.078125 0.050781
0 0.007812 0.667969 0.000000 0.000000
0 0.025391 0.666016 0.050781 0.035156
0 0.021484 0.599609 0.042969 0.082031
1 0.144531 0.546875 0.148438 0.093750
0 0.148438 0.294922 0.296875 0.300781
0 0.605469 0.148438 0.000000 0.000000
1 0.582031 0.156250 0.148438 0.148438
