0 0.263672 0.275391 0.097656 0.058594
1 0.671875 0.023438 0.093750 0.046875
0 0.072266 0.095703 0.066406 0.058594
0 0.423828 0.154297 0.058594 0.066406
1 0.656250 0.072266 0.062500 0.058594
0 0.062500 0.371094 0.078125 0.046875
0 0.808594 0.873047 0.054688 0.058594
0 0.908203 0.125000 0.050781 0.046875
0 0.361328 0.250000 0.050781 0.046875
0 0.558594 0.634766 0.054688 0.035156
1 0.199219 0.179688 0.039062 0.046875
0 0.669922 0.123047 0.035156 0.042969
1 0.044922 0.128906 0.035156 0.046875
0 0.888672 0.437500 0.058594 0.031250
0 0.093750 0.710938 0.046875 0.031250
0 0.544922 0.191406 0.035156 0.039062
0 0.183594 0.595703 0.039062 0.035156
0 0.722656 0.638672 0.039062 0.035156
0 0.847656 0.197266 0.031250 0.042969
1 0.453125 0.031250 0.031250 0.031250
0 0.109375 0.138672 0.031250 0.035156
0 0.015625 0.763672 0.031250 0.035156
0 0.468750 0.125000 0.031250 0.031250
0 0.529297 0.656250 0.035156 0.031250
1 0.734375 0.044922 0.031250 0.027344
1 0.388672 0.201172 0.027344 0.027344
1 0.468750 0.085938 0.031250 0.015625
0 0.314453 0.343750 0.027344 0.015625
0 0.904297 0.439453 0.027344 0.019531
0 0.525391 0.607422 0.019531 0.019531
0 0.826172 0.148438 0.027344 0.015625
0 0.085938 0.054688 0.023438 0.007812
1 0.574219 0.398438 0.000000 0.000000
1 0.460938 0.500000 0.000000 0.000000
1 0.394531 0.781250 0.000000 0.000000
0 0.406250 0.765625 0.109375 0.093750
1 0.908203 0.212891 0.136719 0.160156
1 0.156250 0.433594 0.000000 0.000000
1 0.101562 0.435547 0.195312 0.222656
0 0.078125 0.906250 0.156250 0.179688
0 0.726562 0.808594 0.000000 0.000000
0 0.697266 0.767578 0.074219 0.082031
0 0.238281 0.074219 0.000000 0.000000
1 0.158203 0.058594 0.019531 0.007812
0 0.207031 0.054688 0.109375 0.078125
0 0.164062 0.253906 0.000000 0.000000
0 0.167969 0.125000 0.109375 0.093750
0 0.621094 0.148438 0.000000 0.000000
0 0.621094 0.134766 0.031250 0.035156
0 0.876953 0.750000 0.035156 0.046875
0 0.750000 0.574219 0.000000 0.000000
0 0.542969 0.556641 0.054688 0.042969
0 0.750000 0.574219 0.000000 0.000000
0 0.740234 0.560547 0.050781 0.050781
0 0.703125 0.585938 0.000000 0.000000
0 0.697266 0.589844 0.035156 0.031250
0 0.128906 0.783203 0.046875 0.035156
1 0.628906 0.679688 0.000000 0.000000
1 0.402344 0.484375 0.000000 0.000000
1 0.562500 0.566406 0.851562 0.523438
