1 0.562500 0.468750 0.062500 0.046875
0 0.296875 0.796875 0.031250 0.062500
1 0.392578 0.628906 0.035156 0.039062
1 0.292969 0.636719 0.039062 0.031250
0 0.546875 0.642578 0.031250 0.035156
1 0.187500 0.431641 0.031250 0.035156
0 0.625000 0.597656 0.046875 0.023438
1 0.265625 0.347656 0.031250 0.031250
0 0.433594 0.578125 0.039062 0.015625
0 0.720703 0.857422 0.027344 0.027344
0 0.791016 0.478516 0.027344 0.027344
0 0.212891 0.640625 0.027344 0.031250
1 0.234375 0.470703 0.031250 0.027344
0 0.136719 0.904297 0.031250 0.019531
1 0.753906 0.798828 0.023438 0.027344
0 0.683594 0.857422 0.023438 0.027344
1 0.433594 0.648438 0.023438 0.015625
1 0.140625 0.400391 0.015625 0.019531
1 0.791016 0.828125 0.019531 0.015625
1 0.330078 0.218750 0.019531 0.015625
0 0.929688 0.238281 0.000000 0.000000
0 0.908203 0.236328 0.050781 0.066406
1 0.789062 0.390625 0.054688 0.046875
1 0.261719 0.304688 0.000000 0.000000
1 0.257812 0.291016 0.046875 0.042969
1 0.410156 0.253906 0.000000 0.000000
0 0.320312 0.673828 0.046875 0.042969
0 0.253906 0.746094 0.000000 0.000000
0 0.230469 0.820312 0.000000 0.000000
0 0.230469 0.785156 0.000000 0.000000
0 0.236328 0.771484 0.058594 0.066406
0 0.220703 0.824219 0.019531 0.031250
0 0.224609 0.941406 0.027344 0.023438
0 0.621094 0.972656 0.000000 0.000000
1 0.398438 0.242188 0.000000 0.000000
0 0.402344 0.296875 0.000000 0.000000
0 0.394531 0.251953 0.046875 0.050781
0 0.414062 0.310547 0.039062 0.035156
0 0.375000 0.304688 0.000000 0.000000
0 0.375000 0.296875 0.000000 0.000000
0 0.373047 0.294922 0.027344 0.019531
0 0.714844 0.261719 0.000000 0.000000
0 0.710938 0.271484 0.046875 0.050781
0 0.927734 0.037109 0.035156 0.050781
0 0.859375 0.078125 0.000000 0.000000
0 0.849609 0.060547 0.042969 0.035156
0 0.800781 0.105469 0.000000 0.000000
1 0.837891 0.757812 0.058594 0.054688
0 0.380859 0.117188 0.027344 0.031250
0 0.355469 0.144531 0.000000 0.000000
0 0.347656 0.140625 0.000000 0.000000
0 0.347656 0.144531 0.031250 0.031250
0 0.085938 0.304688 0.000000 0.000000
0 0.083984 0.458984 0.035156 0.066406
0 0.083984 0.843750 0.027344 0.031250
1 0.402344 0.859375 0.000000 0.000000
1 0.429688 0.808594 0.000000 0.000000
1 0.419922 0.826172 0.113281 0.113281
0 0.193359 0.185547 0.042969 0.050781
0 0.853516 0.898438 0.035156 0.039062
0 0.882812 0.835938 0.031250 0.031250
0 0.849609 0.261719 0.027344 0.039062
