0 0.843750 0.781250 0.062500 0.062500
0 0.339844 0.611328 0.054688 0.066406
0 0.064453 0.658203 0.050781 0.058594
0 0.861328 0.189453 0.058594 0.050781
0 0.689453 0.654297 0.050781 0.050781
0 0.025391 0.814453 0.050781 0.035156
0 0.767578 0.779297 0.035156 0.050781
0 0.572266 0.384766 0.042969 0.042969
0 0.392578 0.625000 0.035156 0.046875
0 0.798828 0.701172 0.035156 0.042969
0 0.265625 0.125000 0.031250 0.046875
0 0.185547 0.916016 0.035156 0.035156
0 0.937500 0.783203 0.031250 0.035156
0 0.781250 0.636719 0.031250 0.039062
0 0.671875 0.173828 0.031250 0.035156
0 0.017578 0.013672 0.035156 0.027344
0 0.669922 0.607422 0.035156 0.027344
0 0.986328 0.777344 0.019531 0.046875
0 0.933594 0.732422 0.031250 0.027344
0 0.267578 0.376953 0.027344 0.035156
0 0.853516 0.626953 0.027344 0.027344
0 0.666016 0.347656 0.027344 0.023438
0 0.935547 0.201172 0.027344 0.027344
0 0.033203 0.408203 0.027344 0.027344
0 0.535156 0.558594 0.023438 0.023438
0 0.966797 0.404297 0.027344 0.027344
0 0.830078 0.576172 0.027344 0.019531
0 0.095703 0.593750 0.027344 0.015625
1 0.916016 0.523438 0.019531 0.023438
1 0.966797 0.619141 0.027344 0.019531
1 0.984375 0.941406 0.015625 0.023438
0 0.742188 0.593750 0.023438 0.015625
0 0.767578 0.732422 0.019531 0.027344
0 0.966797 0.855469 0.027344 0.015625
0 0.154297 0.361328 0.019531 0.019531
1 0.916016 0.751953 0.019531 0.019531
0 0.105469 0.234375 0.023438 0.015625
0 0.970703 0.585938 0.019531 0.015625
0 0.128906 0.439453 0.015625 0.019531
1 0.003906 0.763672 0.007812 0.027344
0 0.250000 0.353516 0.015625 0.019531
0 0.312500 0.644531 0.000000 0.000000
0 0.306641 0.652344 0.050781 0.039062
0 0.449219 0.363281 0.000000 0.000000
0 0.435547 0.375000 0.050781 0.046875
0 0.720703 0.394531 0.066406 0.070312
0 0.453125 0.072266 0.062500 0.042969
1 0.519531 0.328125 0.132812 0.132812
0 0.314453 0.771484 0.058594 0.050781
0 0.648438 0.693359 0.054688 0.042969
0 0.541016 0.652344 0.035156 0.039062
0 0.496094 0.626953 0.046875 0.035156
0 0.576172 0.652344 0.027344 0.023438
0 0.367188 0.515625 0.046875 0.039062
0 0.568359 0.443359 0.042969 0.050781
0 0.623047 0.562500 0.050781 0.031250
0 0.933594 0.937500 0.000000 0.000000
0 0.937500 0.935547 0.054688 0.035156
0 0.789062 0.933594 0.046875 0.031250
0 0.761719 0.972656 0.062500 0.039062
0 0.480469 0.914062 0.000000 0.000000
0 0.484375 0.910156 0.039062 0.023438
0 0.105469 0.558594 0.000000 0.000000
0 0.093750 0.546875 0.078125 0.054688
0 0.113281 0.347656 0.000000 0.000000
0 0.121094 0.355469 0.054688 0.046875
0 0.121094 0.417969 0.000000 0.000000
0 0.138672 0.154297 0.042969 0.035156
0 0.273438 0.226562 0.000000 0.000000
0 0.289062 0.236328 0.054688 0.035156
0 0.289062 0.277344 0.000000 0.000000
0 0.970703 0.330078 0.050781 0.042969
0 0.968750 0.445312 0.000000 0.000000
0 0.957031 0.458984 0.054688 0.042969
