0 0.580078 0.703125 0.089844 0.093750
1 0.892578 0.876953 0.097656 0.066406
1 0.812500 0.777344 0.078125 0.070312
1 0.761719 0.792969 0.093750 0.054688
0 0.480469 0.775391 0.085938 0.050781
0 0.982422 0.554688 0.035156 0.093750
1 0.671875 0.736328 0.046875 0.050781
1 0.025391 0.929688 0.050781 0.046875
1 0.689453 0.812500 0.050781 0.031250
0 0.572266 0.748047 0.050781 0.035156
1 0.939453 0.607422 0.050781 0.027344
0 0.392578 0.773438 0.035156 0.031250
1 0.492188 0.673828 0.046875 0.027344
1 0.017578 0.869141 0.035156 0.027344
0 0.828125 0.669922 0.031250 0.027344
0 0.687500 0.779297 0.031250 0.027344
0 0.125000 0.841797 0.031250 0.027344
0 0.078125 0.798828 0.031250 0.027344
1 0.187500 0.841797 0.046875 0.019531
0 0.158203 0.916016 0.027344 0.035156
0 0.953125 0.611328 0.031250 0.027344
0 0.949219 0.544922 0.031250 0.027344
0 0.767578 0.701172 0.027344 0.027344
0 0.783203 0.826172 0.027344 0.027344
1 0.527344 0.759766 0.031250 0.019531
0 0.761719 0.835938 0.023438 0.023438
0 0.910156 0.904297 0.023438 0.027344
0 0.611328 0.767578 0.027344 0.019531
0 0.482422 0.822266 0.027344 0.019531
0 0.611328 0.826172 0.019531 0.027344
0 0.970703 0.626953 0.027344 0.019531
0 0.855469 0.783203 0.023438 0.019531
0 0.843750 0.810547 0.015625 0.019531
0 0.218750 0.888672 0.015625 0.019531
0 0.558594 0.671875 0.023438 0.015625
1 0.109375 0.810547 0.031250 0.011719
0 0.203125 0.806641 0.031250 0.011719
0 0.316406 0.933594 0.000000 0.000000
0 0.308594 0.875000 0.039062 0.031250
0 0.304688 0.929688 0.000000 0.000000
0 0.310547 0.935547 0.050781 0.035156
0 0.457031 0.890625 0.000000 0.000000
0 0.460938 0.878906 0.000000 0.000000
0 0.455078 0.890625 0.035156 0.039062
0 0.042969 0.871094 0.000000 0.000000
0 0.074219 0.847656 0.101562 0.070312
0 0.355469 0.828125 0.000000 0.000000
0 0.355469 0.824219 0.054688 0.054688
0 0.304688 0.828125 0.000000 0.000000
0 0.289062 0.824219 0.000000 0.000000
0 0.777344 0.666016 0.148438 0.050781
