1 0.636719 0.398438 0.101562 0.070312
0 0.585938 0.017578 0.093750 0.035156
0 0.781250 0.367188 0.062500 0.054688
1 0.681641 0.330078 0.066406 0.042969
0 0.359375 0.154297 0.046875 0.058594
1 0.699219 0.716797 0.054688 0.042969
1 0.683594 0.751953 0.054688 0.035156
0 0.542969 0.500000 0.046875 0.046875
0 0.517578 0.060547 0.058594 0.035156
1 0.837891 0.423828 0.042969 0.042969
0 0.794922 0.406250 0.058594 0.031250
1 0.548828 0.402344 0.058594 0.031250
0 0.439453 0.095703 0.035156 0.042969
1 0.810547 0.750000 0.042969 0.031250
1 0.671875 0.296875 0.046875 0.031250
0 0.783203 0.451172 0.058594 0.027344
0 0.642578 0.736328 0.035156 0.035156
1 0.765625 0.804688 0.031250 0.039062
1 0.804688 0.835938 0.031250 0.039062
1 0.482422 0.087891 0.035156 0.027344
1 0.671875 0.785156 0.031250 0.031250
0 0.140625 0.167969 0.031250 0.031250
0 0.546875 0.015625 0.031250 0.031250
0 0.179688 0.156250 0.031250 0.031250
0 0.486328 0.373047 0.027344 0.035156
1 0.314453 0.357422 0.027344 0.027344
1 0.710938 0.720703 0.031250 0.019531
1 0.470703 0.308594 0.035156 0.015625
0 0.638672 0.460938 0.027344 0.023438
0 0.605469 0.730469 0.023438 0.023438
0 0.712891 0.345703 0.027344 0.019531
1 0.580078 0.431641 0.027344 0.019531
0 0.410156 0.330078 0.023438 0.019531
1 0.656250 0.359375 0.031250 0.015625
1 0.751953 0.406250 0.027344 0.015625
0 0.750000 0.515625 0.015625 0.015625
0 0.080078 0.060547 0.011719 0.011719
0 0.484375 0.160156 0.000000 0.000000
0 0.312500 0.218750 0.000000 0.000000
0 0.318359 0.238281 0.082031 0.093750
1 0.246094 0.460938 0.000000 0.000000
1 0.232422 0.447266 0.074219 0.058594
0 0.433594 0.882812 0.117188 0.109375
0 0.542969 0.820312 0.039062 0.039062
1 0.724609 0.841797 0.066406 0.058594
1 0.763672 0.890625 0.058594 0.039062
1 0.843750 0.972656 0.000000 0.000000
1 0.814453 0.966797 0.113281 0.058594
1 0.595703 0.230469 0.105469 0.117188
